name	len	score	pvalue
contig_1001	6403	0.2627764046192169	0.1287861620968351
contig_1005	11327	0.12758570909500122	0.17484326610771206
contig_1	3588	0.04170893132686615	0.2466198353349951
contig_1009	16958	0.044795043766498566	0.24178563335599365
contig_1012	4684	0.01091945730149746	0.3371289372309087
contig_1023	5950	0.09241587668657303	0.19427449203112018
contig_1016	8125	0.09390679746866226	0.1932358939496941
contig_102	18459	0.17590931057929993	0.15509101895913588
contig_1002	3585	0.006814830936491489	0.37066621346023115
contig_1017	3633	0.0003591467684600502	0.5792544754135509
contig_1024	3526	0.016513684764504433	0.30842586298058766
contig_10	6363	0.17533107101917267	0.15531762217690157
contig_101	6166	0.03091605380177498	0.2660510612584032
contig_1020	7919	0.15524090826511383	0.16285217916761086
contig_1006	7356	0.027983708307147026	0.2726225545736083
contig_1003	3711	0.00016148414579220116	0.6287295112923937
contig_1013	11977	0.17800889909267426	0.15446786011028024
contig_1018	5284	0.007324651814997196	0.3658320114812297
contig_100	3392	0.05132685601711273	0.23262708663796358
contig_1004	5397	0.0013505079550668597	0.48766900823325027
contig_1010	9219	4.783770054928027e-05	0.7015635622025833
contig_1025	6797	0.03836766630411148	0.2518505929450865
contig_1021	8704	0.09210547804832458	0.19465216406072966
contig_1007	5290	0.11851872503757477	0.17943198126746734
contig_1019	9233	0.47718915343284607	0.07506231588488557
contig_1014	19789	0.013866225257515907	0.3201148122970013
contig_1022	4912	0.004863192792981863	0.3946295037389531
contig_1008	5030	0.3213391900062561	0.11418913815242843
contig_1000	6084	0.09378673136234283	0.193311428355616
contig_1027	5086	0.1415560096502304	0.1684039580028703
contig_1011	3157	0.00046958253369666636	0.5602198051212327
contig_1015	3523	0.05854415148496628	0.22458267240728153
contig_1028	5618	0.04752735793590546	0.23774454263917214
contig_1030	13142	0.019361192360520363	0.29707681849082257
contig_1038	14646	0.6120177507400513	0.040920764408187926
contig_1045	9965	0.011999938637018204	0.329896517863887
contig_1034	8569	0.1539013683795929	0.16313543318981796
contig_1026	43194	0.24505838751792908	0.1335825968728756
contig_1049	17211	0.2000836282968521	0.14689553591661
contig_1041	8302	0.06447289139032364	0.21761462346098648
contig_1029	9358	0.04215168580412865	0.2460155600876199
contig_1039	3730	0.02328423410654068	0.2845569907092681
contig_1031	4122	0.061786193400621414	0.22088148651710854
contig_1052	3106	0.6547679305076599	0.0367474884810031
contig_1035	7811	0.04332347586750984	0.24420273434549436
contig_105	11740	0.17083072662353516	0.1569227283027419
contig_1046	21316	0.42033857107162476	0.09175541959362489
contig_103	17352	0.030515417456626892	0.2667686381146612
contig_104	6260	0.12092504650354385	0.17841226678752173
contig_1053	4127	0.0009436497930437326	0.5130296850215273
contig_1042	25754	0.023612353950738907	0.28361281063524435
contig_1032	13108	0.05607904493808746	0.22722637661454792
contig_1036	8923	0.049850769340991974	0.23451544678601102
contig_1050	8592	0.5206822752952576	0.05436588866228567
contig_1056	8674	0.22042019665241241	0.14022962459400257
contig_1040	29515	0.3440455496311188	0.10901503134677845
contig_1043	3681	9.418230911251158e-05	0.6621912531157943
contig_1047	13263	0.06760447472333908	0.214649898028552
contig_1054	11336	0.17575103044509888	0.15512878616209683
contig_1033	9865	0.03923439234495163	0.2504909736384923
contig_1051	3980	0.36104199290275574	0.10546491426844928
contig_1037	9018	0.2700299024581909	0.12702998715915098
contig_1055	7794	0.05684565007686615	0.22624442933756325
contig_1057	3708	0.3298272490501404	0.11252738122214669
contig_1044	21690	0.032060086727142334	0.2635206586600196
contig_106	18981	0.1437605321407318	0.16742201072588564
contig_1048	3700	0.13596925139427185	0.17131203263086336
contig_1067	11919	0.0567263700067997	0.22645214895384846
contig_1074	17371	0.018025316298007965	0.30189213686834354
contig_1058	9508	0.11413349956274033	0.1815280610318
contig_1063	54109	0.18451371788978577	0.15223959513558427
contig_1081	23712	0.6630211472511292	0.03610544603066697
contig_1075	10358	0.045363008975982666	0.24097363849233325
contig_1060	27117	0.2936650812625885	0.1208361658735554
contig_1078	60272	0.6131300926208496	0.04078857919782461
contig_1070	83876	0.18737085163593292	0.15129541506156055
contig_1079	13319	0.06197118014097214	0.2206171160963819
contig_1082	36348	0.5971896648406982	0.042733590150313465
contig_1076	20724	0.01974896341562271	0.2954150615605408
contig_1059	33755	0.0767640545964241	0.2061900445652995
contig_1064	55425	0.03255077823996544	0.26270866379635927
contig_1061	39140	0.03544624149799347	0.2574967897877483
contig_1083	12016	0.048046037554740906	0.23721580179771887
contig_108	11507	0.04265329986810684	0.2452979832313619
contig_1085	22855	0.1418648362159729	0.16817735478510462
contig_1071	47015	0.049762554466724396	0.23464763199637434
contig_1062	21802	0.7027497887611389	0.032763048568623006
contig_1065	27417	0.16320651769638062	0.15964196691593022
contig_1080	7470	0.2542839050292969	0.13112772868041392
contig_1068	157845	0.27190759778022766	0.12667119873102198
contig_1084	22243	0.44696587324142456	0.084315280610318
contig_1077	55790	0.03177519515156746	0.2641627011103558
contig_1086	26813	0.24520717561244965	0.13352594606843418
contig_1069	7546	0.27263444662094116	0.1265767807236196
contig_1066	24674	0.0340510718524456	0.259913890777249
contig_107	17441	0.4728713631629944	0.07651635319888209
contig_1087	83659	0.32844483852386475	0.11275398443991239
contig_1072	141480	0.11445294320583344	0.18132034141551476
contig_1088	39632	0.7004739046096802	0.03293300098194728
contig_1073	165536	0.095656618475914	0.19231059747715085
contig_1096	9521	0.7421995997428894	0.029760555933227587
contig_111	5088	0.02153811603784561	0.28971221391343754
contig_1102	20508	0.1804145723581314	0.1536747488481003
contig_11	15133	0.26709091663360596	0.1276909132109676
contig_1106	18975	0.6888480186462402	0.03404713346929526
contig_1113	31157	0.10438074171543121	0.18728755948334466
contig_1089	21683	0.22724029421806335	0.13853010046075986
contig_1097	10072	0.01723792776465416	0.30502681471410226
contig_1092	78866	0.034730877727270126	0.2588564090943425
contig_1114	13014	0.030841905623674393	0.2661077120628446
contig_110	7271	0.025930490344762802	0.2775322909585316
contig_1103	11094	0.10783281922340393	0.1850592945086487
contig_109	16807	0.06591849029064178	0.2164249565677166
contig_1093	11326	0.2732647657394409	0.12640682831029534
contig_1115	18447	0.09623073041439056	0.1918951582445804
contig_1098	6939	0.2189338356256485	0.14058841302213157
contig_1107	28350	0.23224493861198425	0.1368872271319586
contig_1104	26049	0.016242071986198425	0.30961552987385754
contig_1108	7621	0.11127226054668427	0.18315205075912078
contig_1100	63744	0.6755850315093994	0.0351234987536823
contig_1116	14595	0.06539062410593033	0.21687816300324797
contig_1094	12462	0.31268396973609924	0.11630410151824155
contig_1090	27941	0.4359676241874695	0.08729888964423295
contig_1110	122332	0.14090457558631897	0.16889493164136263
contig_1109	8528	0.16276511549949646	0.15983080293073496
contig_1117	9346	0.07242769747972488	0.21017448447767959
contig_1105	19278	0.06885919719934464	0.21342246393232117
contig_1099	43266	0.47910457849502563	0.07430697182566659
contig_1118	10494	0.31006863713264465	0.11679507515673389
contig_1091	28243	0.04601014778017998	0.24008610922275098
contig_1101	47229	0.14684155583381653	0.16610015862225244
contig_1111	19040	0.042912863194942474	0.2448447767958305
contig_1120	32559	0.049097735434770584	0.23559181207039806
contig_1124	49778	0.10784439742565155	0.18504041090716822
contig_1128	41804	0.048161447048187256	0.23695143137699223
contig_1131	13084	0.774091362953186	0.027456756552609714
contig_1135	21110	0.03340649977326393	0.2612735100838432
contig_1125	16429	0.12758009135723114	0.17486214970919253
contig_1132	18798	0.6840083599090576	0.034424805498904754
contig_1136	19063	0.10113409161567688	0.18883601480474357
contig_1119	86500	0.21790024638175964	0.14092831784878013
contig_1112	68217	0.07481980323791504	0.20819170632222977
contig_1129	32620	0.03434830158948898	0.2594229171387567
contig_1121	59482	0.7022956609725952	0.032800815771583954
contig_1126	16702	0.47029829025268555	0.07738499886698391
contig_1095	162968	0.10493429005146027	0.18702318906261803
contig_1133	34511	0.0665019303560257	0.21580179771886093
contig_112	5414	0.04983915016055107	0.23455321398897197
contig_113	7904	0.046517349779605865	0.23942518317093436
contig_1137	38154	0.03882750868797302	0.2510385980814261
contig_1122	8889	0.18246829509735107	0.15299493919480323
contig_1142	12730	0.1802215874195099	0.15378805045698316
contig_1139	31418	0.029868025332689285	0.26809049021829445
contig_1138	7655	0.08140012621879578	0.20245109147216558
contig_1134	7541	0.16846691071987152	0.1577347231664023
contig_1123	7751	0.006663507781922817	0.3721580179771886
contig_1130	18820	0.02599964290857315	0.2773812221466878
contig_114	11751	0.076300710439682	0.20673766900823326
contig_115	7301	0.3072437644004822	0.11747488481003097
contig_1143	6883	0.07336080074310303	0.2094191404184606
contig_1127	47303	0.6665224432945251	0.035822192008459854
contig_1150	12271	0.0093711968511343	0.348685701336959
contig_1140	17534	0.3630715012550354	0.10503059143439837
contig_1144	12356	0.3721615672111511	0.10314223128635093
contig_1157	31750	0.5708588361740112	0.04556613037238462
contig_1164	15771	0.08296875655651093	0.20126142457889568
contig_1146	83833	0.6715002059936523	0.03546340358033084
contig_1153	53599	0.08352478593587875	0.20069491653448146
contig_1145	18134	0.029501931741833687	0.2688647178789939
contig_1158	7217	0.047136638313531876	0.23832993428506685
contig_1151	9925	0.04613859951496124	0.2399728076138681
contig_1165	11300	0.10583215206861496	0.18645668101820378
contig_1160	74007	0.0731661468744278	0.2096457436362263
contig_1141	37657	0.028277188539505005	0.27175390890550644
contig_1168	13055	0.21200111508369446	0.14309993201903468
contig_1154	17156	0.3694438934326172	0.10380315733816753
contig_1159	8641	0.1091286763548851	0.1843039504494297
contig_1152	21575	0.09477792680263519	0.19280157111564317
contig_1166	25390	0.698214054107666	0.033235138605634866
contig_116	16689	0.05323144793510437	0.23017221844550192
contig_1171	28523	0.29352492094039917	0.12085504947503588
contig_1155	25358	0.40332192182540894	0.09545660548379788
contig_1161	32410	0.1386241316795349	0.17016013294055443
contig_1147	83407	0.3642057180404663	0.10486063902107409
contig_1167	21982	0.2596862316131592	0.1297492257723393
contig_1169	50236	0.2823231816291809	0.12402749452375557
contig_1156	13586	0.31238606572151184	0.11637963592416346
contig_1175	34963	0.19483806192874908	0.14842510763652844
contig_1172	10498	0.029989145696163177	0.2678072361960873
contig_117	6183	0.02411971427500248	0.2822720749301307
contig_1148	21115	0.0755559429526329	0.2075118966689327
contig_1173	8637	0.03769361972808838	0.2533990482664854
contig_1176	18155	0.5892128944396973	0.04356446861545434
contig_1149	7063	0.08955369144678116	0.19631392099101141
contig_1170	26802	0.12879016995429993	0.17429564166477832
contig_1162	93617	0.31877073645591736	0.11471787899388171
contig_1174	7286	0.006228810176253319	0.37676561673842435
contig_1177	11550	0.3111264109611511	0.1166440063448901
contig_1163	17718	0.04049350321292877	0.24869703149784728
contig_1178	39508	0.993698239326477	0.006590376916685551
contig_120	6800	0.02870536595582962	0.27063977641815845
contig_119	10128	0.22421064972877502	0.13920991011405695
contig_1182	19428	0.03590995818376541	0.25672256212704886
contig_1193	43105	0.08329742401838303	0.20094040335372762
contig_1183	10677	0.3318323791027069	0.11209305838809577
contig_1179	62082	0.09815061092376709	0.19062995694538862
contig_1200	30652	0.12730833888053894	0.1750321021225168
contig_1197	82377	0.5433192253112793	0.049966009517335146
contig_118	1755	0.0837363675236702	0.20058161492559862
contig_1184	14716	0.08115673810243607	0.2026588110884508
contig_1194	17488	0.8143433332443237	0.024171009895007176
contig_1201	10881	0.04048064351081848	0.24871591509932775
contig_1203	104248	0.13636766374111176	0.17116096381901957
contig_1190	71359	0.02787857875227928	0.2728680413928544
contig_1198	23642	0.16784216463565826	0.15798020998564846
contig_1180	18526	0.3879907727241516	0.09940327819321701
contig_1195	6447	0.17230495810508728	0.1563184530553667
contig_1185	30458	0.5441092252731323	0.0498527079084523
contig_1186	163312	0.1917877197265625	0.1495581237253569
contig_1191	15130	0.302996963262558	0.11853236649293754
contig_1202	29327	0.10574217140674591	0.18649444822116473
contig_1199	8304	0.08682569116353989	0.19827781554498075
contig_1196	10521	0.19125904142856598	0.14986026134904448
contig_1181	9691	0.29176831245422363	0.12161039353425486
contig_1207	6863	0.0701967105269432	0.21225168064053176
contig_125	6446	0.013040781021118164	0.32411813581086185
contig_1204	56459	0.6429404020309448	0.03772943575798776
contig_12	14721	0.46085619926452637	0.08076516353198882
contig_1214	45006	0.6724761724472046	0.03535010197144799
contig_126	5003	0.03625594824552536	0.2560238688722713
contig_1208	40334	0.6116849184036255	0.04093964800966841
contig_129	10164	0.0338037870824337	0.26042374801722185
contig_127	7387	0.019248727709054947	0.29747337412191255
contig_1187	91080	0.4870491623878479	0.07070020394289599
contig_122	7590	0.39853817224502563	0.09696729360223581
contig_1205	46238	0.193502277135849	0.14887831407205981
contig_13	4289	0.001977512612938881	0.46009895007175766
contig_1209	39870	0.025148695334792137	0.27943953470805954
contig_128	16641	0.06424259394407272	0.21784122667875216
contig_123	5947	0.06504671275615692	0.2171614170254551
contig_1188	15228	0.4237838387489319	0.0909434247299645
contig_130	17411	0.09753401577472687	0.19098874537351765
contig_132	5015	0.060590922832489014	0.22229775662814413
contig_121	4347	0.6389490962028503	0.038220409396480096
contig_1206	53682	0.03329451382160187	0.26144346249716743
contig_1189	11365	0.10063722729682922	0.1891759196313921
contig_124	8307	0.040147826075553894	0.24924465594078102
contig_136	9524	0.016300082206726074	0.30937004305461135
contig_133	17445	0.07690881937742233	0.20607674295641665
contig_131	10964	0.30048319697380066	0.11911775813883224
contig_143	5771	0.06101017817854881	0.22190120099705415
contig_147	5374	0.0037780804559588432	0.4133620364075837
contig_14	22809	0.03677242994308472	0.25509857239972805
contig_1192	202410	0.2710500657558441	0.12684115114434624
contig_137	6813	0.08575780689716339	0.19891985799531686
contig_148	7204	0.03543230891227722	0.2575156733892288
contig_144	12502	0.1443922519683838	0.16721429110960043
contig_134	21283	0.03714766353368759	0.25438099554347005
contig_150	8968	0.03832244873046875	0.25194501095248883
contig_154	7918	0.04254353418946266	0.24548681924616664
contig_140	9022	0.6593012809753418	0.03640758365435456
contig_138	6158	0.0005367584526538849	0.5516466500490974
contig_1210	261217	0.2816208600997925	0.12419744693707983
contig_141	10323	0.05725202336907387	0.2259234081123952
contig_135	5316	0.01242094300687313	0.32732834806254246
contig_155	9845	0.4849116802215576	0.07185210363320492
contig_139	3242	0.00020666388445533812	0.6138870005287408
contig_145	11499	0.04400769621133804	0.24282423143741974
contig_1211	9133	0.13777582347393036	0.17065110657904675
contig_151	28076	0.06559514254331589	0.21665155978548228
contig_149	40168	0.14756529033184052	0.16564695218672104
contig_142	13812	0.0626145452260971	0.21986177203716292
contig_156	11716	0.25028541684150696	0.13218521036332048
contig_158	18703	0.1473212093114853	0.1657413701941234
contig_152	13263	0.11453613638877869	0.18126369061107334
contig_15	3287	0.14086034893989563	0.1689138152428431
contig_1212	15154	0.15227419137954712	0.16372082483571268
contig_165	9842	0.058941133320331573	0.22409169876878918
contig_146	52459	0.8283396363258362	0.023113528212100613
contig_157	9433	0.02177421562373638	0.28884356824533575
contig_159	15867	0.029924850910902023	0.26793942140645066
contig_153	5511	0.1934242844581604	0.14893496487650124
contig_166	8649	0.10202881693840027	0.1883639247677317
contig_169	6274	0.007814311422407627	0.3613377143288768
contig_1213	6167	0.3464459478855133	0.10863735931716897
contig_172	10114	0.13152910768985748	0.1731248583729889
contig_16	15299	0.043576233088970184	0.2436739935040411
contig_167	7873	0.11896298825740814	0.17918649444822116
contig_17	13199	0.045295946300029755	0.24103028929677467
contig_173	8001	0.1745648831129074	0.15548757459022586
contig_160	23117	0.3961748778820038	0.0974960344436891
contig_168	3762	0.004855304956436157	0.3947805725507969
contig_170	25592	0.07546930760145187	0.20754966387189364
contig_174	12960	0.48726341128349304	0.07060578593549362
contig_161	177424	0.12661698460578918	0.17537200694916535
contig_171	3861	0.007675182539969683	0.36262179922954907
contig_162	5588	0.0036902958527207375	0.4153070473600725
contig_175	12167	0.15797576308250427	0.1614736762595362
contig_163	12931	0.14611563086509705	0.1664967142533424
contig_164	17149	0.10080753266811371	0.1890248508195483
contig_183	8451	0.635736882686615	0.03857919782460911
contig_190	6730	0.3822231888771057	0.10083843190573306
contig_194	5587	0.24508580565452576	0.1335825968728756
contig_187	7428	0.11411730200052261	0.1815280610318
contig_198	8916	0.01576460711658001	0.3115605408263464
contig_176	20441	0.02998637966811657	0.2678072361960873
contig_200	12498	0.8213855624198914	0.02358561824911247
contig_18	16492	0.044959306716918945	0.2415967973411889
contig_191	7959	0.0782715231180191	0.20511367928091245
contig_188	10543	0.21906502544879913	0.14058841302213157
contig_199	13183	0.5058716535568237	0.058709117002794776
contig_195	5352	0.3034408688545227	0.11845683208701563
contig_177	5141	0.022943714633584023	0.28552005438477224
contig_184	11987	0.097104012966156	0.19121534859128334
contig_180	9881	0.06594875454902649	0.21638718936475565
contig_181	4720	0.08672793954610825	0.19833446634942217
contig_189	11912	0.20313970744609833	0.1458758214366644
contig_196	5548	0.005591258872300386	0.3847722637661455
contig_178	5627	0.2480071485042572	0.13303497242994183
contig_192	4232	0.010758372955024242	0.338337487725659
contig_201	18640	0.03769151121377945	0.2533990482664854
contig_2	7552	0.0865873247385025	0.19841000075534407
contig_19	5509	0.22843453288078308	0.13803912682226754
contig_197	5436	0.02276073396205902	0.28587884281290127
contig_179	8852	0.36801815032958984	0.10406752775889418
contig_193	9417	0.05147532746195793	0.23251378502908074
contig_202	28564	0.38235974311828613	0.10080066470277212
contig_185	34379	0.5858899354934692	0.04390437344210288
contig_182	10074	0.022941825911402702	0.28552005438477224
contig_211	3425	0.0064367977902293205	0.37440516655336503
contig_208	4904	0.0028229975141584873	0.4348893420953244
contig_204	8753	0.08967512845993042	0.19623838658508952
contig_215	6997	0.04061964526772499	0.24850819548304254
contig_219	7955	0.028456594794988632	0.2711685172596118
contig_186	5618	0.10267384350299835	0.18811843794848554
contig_209	10667	0.0289484653621912	0.27009215197522474
contig_203	16263	0.01872606948018074	0.29930508346551854
contig_22	12391	0.13361287117004395	0.17227509630636756
contig_20	62035	0.23320543766021729	0.13669839111715387
contig_205	20479	0.20319248735904694	0.14585693783518391
contig_212	31660	0.48014965653419495	0.0739292997960571
contig_216	11771	0.06645599007606506	0.21587733212478283
contig_222	12224	0.06833936274051666	0.21381901956341112
contig_220	4995	0.0002596260455902666	0.5994410453961779
contig_21	16911	0.08836048096418381	0.19710703225319132
contig_206	4856	0.0027492381632328033	0.43683435304781326
contig_226	8124	0.035148315131664276	0.2581010650351235
contig_23	5463	0.07949838787317276	0.20396177959060352
contig_223	3566	0.0863218680024147	0.19861772037162928
contig_213	5779	0.37794286012649536	0.10189591358863963
contig_210	9634	0.4274901747703552	0.08984817584409699
contig_217	14062	0.05833294987678528	0.22471485761764484
contig_221	3990	0.0040110135450959206	0.40924541128484027
contig_230	5278	0.7079553604125977	0.03251756174937684
contig_227	5578	0.1932392716407776	0.14899161568094266
contig_207	12159	0.042597249150276184	0.24539240123876427
contig_214	10463	0.004219347611069679	0.40520432056801875
contig_224	3903	0.0003340985858812928	0.5838243069718256
contig_218	4104	0.11005339026451111	0.18379409320945692
contig_237	10363	0.03173578158020973	0.26429488632071907
contig_233	7013	0.00843735970556736	0.35576705189213687
contig_231	11380	0.03523963689804077	0.25785557821587735
contig_240	9477	0.016074875369668007	0.3102953395271546
contig_225	5948	0.03175663575530052	0.2642382355162777
contig_228	7336	0.04920525103807449	0.23544074325855427
contig_244	14153	0.5245049595832825	0.05336505778382053
contig_248	5550	4.879601692664437e-05	0.7005438477226377
contig_238	5647	0.513625979423523	0.056103179998489315
contig_232	8479	0.00787949375808239	0.3607523226829821
contig_234	6725	0.06381099671125412	0.21823778230984214
contig_251	15734	0.02346837893128395	0.2840471334692953
contig_241	6748	0.41229796409606934	0.09334164211798474
contig_245	7272	0.4384349286556244	0.08665684719389682
contig_229	15821	0.11967984586954117	0.178941007628975
contig_235	3411	0.07107971608638763	0.21159075458871515
contig_255	9581	0.7756508588790894	0.027249036936324494
contig_252	5331	0.0001870946871349588	0.6194387793640003
contig_239	15409	0.5179286003112793	0.055064581917063225
contig_249	46559	0.5896717309951782	0.04352670141249339
contig_259	6620	0.40703150629997253	0.09449354180829368
contig_236	7265	0.02325979806482792	0.28459475791222905
contig_246	14127	0.6413716077804565	0.03793715537427298
contig_242	12857	0.07985237240791321	0.20365964196691594
contig_253	10272	0.005935694556683302	0.380334617418234
contig_25	8720	0.024837004020810127	0.280175995165798
contig_262	6699	0.21931666135787964	0.1405695294206511
contig_24	20646	0.04924601688981056	0.23540297605559332
contig_256	13002	0.01633141189813614	0.3092000906412871
contig_243	5205	0.05043986439704895	0.23385452073419444
contig_26	9659	0.14254896342754364	0.16785633355993654
contig_254	6027	0.03044709749519825	0.26690082332502457
contig_247	15109	0.13205832242965698	0.17291713875670367
contig_257	5160	0.007875697687268257	0.360790089885943
contig_250	8385	0.004604653920978308	0.3989538484779817
contig_260	6022	0.37679606676101685	0.10214140040788579
contig_263	5150	0.055528171360492706	0.22775511745600122
contig_258	3737	0.011189006268978119	0.3353349950902636
contig_261	5885	0.027229778468608856	0.27426542790240954
contig_264	17248	0.03426342457532883	0.25953621874763955
contig_265	5412	0.041986096650362015	0.24622327970390512
contig_280	5641	0.08232629299163818	0.20175239821738802
contig_266	4289	0.19599464535713196	0.14799078480247752
contig_288	5408	0.7391519546508789	0.029987159150993276
contig_273	8707	0.11304913461208344	0.18207568547473374
contig_277	4992	0.029594719409942627	0.2686758818641891
contig_291	10373	0.04745763540267944	0.2379144950524964
contig_284	9378	0.035854849964380264	0.2568358637359317
contig_27	11783	0.017999034374952316	0.30196767127426544
contig_292	3281	0.039057500660419464	0.2507364604577385
contig_289	7532	0.03695346415042877	0.2547586675730795
contig_281	6693	0.01287812553346157	0.32485459626860036
contig_267	5132	0.025572519749403	0.2783631694236725
contig_274	8137	0.47938045859336853	0.07421255381826422
contig_278	14272	0.21177178621292114	0.14313769922199562
contig_285	12738	0.6062582731246948	0.04161945766296548
contig_270	15930	0.035615600645542145	0.2571568849610998
contig_282	5285	0.2153826802968979	0.14160812750207719
contig_293	8958	0.024635307490825653	0.2807613868116927
contig_268	6230	0.02767307497560978	0.27330236422690535
contig_279	10161	0.16054102778434753	0.16064279779439536
contig_275	9230	0.06805256009101868	0.21408338998413778
contig_29	14043	0.057178109884262085	0.22594229171387567
contig_286	5533	0.21661391854286194	0.14121157187098723
contig_271	6783	0.017114883288741112	0.3055366719540751
contig_28	3610	0.21591804921627045	0.14141929148727245
contig_290	7613	0.0710444524884224	0.2116285217916761
contig_294	15760	0.06653637439012527	0.21578291411738046
contig_283	9396	0.2576838731765747	0.13044791902711686
contig_276	11089	0.10916707664728165	0.18428506684794924
contig_287	5929	0.07037315517663956	0.21211949543016845
contig_269	9121	0.1338825672864914	0.1721806782989652
contig_295	11466	0.23243853449821472	0.13686834353047814
contig_312	3407	0.000998199451714754	0.5089319435002644
contig_299	7503	0.4114954471588135	0.09347382732834807
contig_309	6005	0.07549726217985153	0.20753078027041316
contig_305	8254	0.017411014065146446	0.3043470050608052
contig_301	3584	0.017953727394342422	0.30221315809351157
contig_316	8031	0.5539870262145996	0.047888813354482966
contig_296	6789	0.5437067151069641	0.049966009517335146
contig_31	3544	8.18514763523126e-06	0.7902976055593323
contig_306	5996	0.013615552335977554	0.3211911775813883
contig_3	5069	0.059764422476291656	0.22312863509328498
contig_272	46672	0.07382895797491074	0.2089848175844097
contig_302	7621	0.7541429996490479	0.029024095475489085
contig_307	4963	0.19292113184928894	0.14908603368834505
contig_297	3379	0.09318175911903381	0.1938024019941083
contig_317	4860	0.17037780582904816	0.15701714631014427
contig_310	6382	0.17032980918884277	0.1570737971145857
contig_30	9445	0.1723746508359909	0.15628068585240576
contig_308	3388	0.022417863830924034	0.2870307425032102
contig_32	21981	0.027324344962835312	0.27403882468464386
contig_303	9683	0.041117630898952484	0.24767731701790166
contig_311	4159	0.8774921894073486	0.019544527532290957
contig_318	15782	0.1484447717666626	0.16521262935267014
contig_313	90753	0.046208612620830536	0.23985950600498526
contig_298	8970	0.023736905306577682	0.2833484402145177
contig_300	7237	0.06291795521974564	0.21954075081199487
contig_320	10332	0.04435895383358002	0.2422010725885641
contig_323	20177	0.024500204250216484	0.28102575723241935
contig_327	8536	0.019598064944148064	0.296057104010877
contig_304	6981	0.038223426789045334	0.2521527305687741
contig_330	4242	0.06294292211532593	0.21950298360903392
contig_319	6826	0.06265062838792801	0.21986177203716292
contig_314	11759	0.23369234800338745	0.13664174031271245
contig_338	7903	0.0711430236697197	0.21153410378427373
contig_321	6908	0.8841742873191833	0.01894025228491578
contig_324	6630	0.01968792825937271	0.2957171991842284
contig_341	5130	0.02059365250170231	0.2924314525266259
contig_328	11661	0.05375819280743599	0.22962459400256818
contig_331	7089	0.020015133544802666	0.29450864868947807
contig_334	14785	0.04384860396385193	0.2431452526625878
contig_339	7094	0.03246564045548439	0.2628219654052421
contig_322	5260	0.8264411687850952	0.023264597023944407
contig_332	6807	0.04584117978811264	0.24033159604199714
contig_325	4687	0.05457495152950287	0.22875594833446636
contig_315	16918	0.3839622437953949	0.10029080746279931
contig_342	12253	0.05212044343352318	0.23156960495505702
contig_335	10035	0.05965828895568848	0.22333635470957022
contig_329	10662	0.07910597324371338	0.20439610242465442
contig_34	10655	0.4063074588775635	0.0947012614245789
contig_345	4972	0.018773961812257767	0.29907848024775285
contig_333	7415	0.13073712587356567	0.1735025304025984
contig_343	9222	0.05411257967352867	0.22932245637888057
contig_326	6265	0.5003282427787781	0.06208928166779968
contig_349	9268	0.09920801222324371	0.19015786690837677
contig_336	4959	0.0026463058311492205	0.43959135886396256
contig_33	8966	0.027509024366736412	0.2736800362565148
contig_340	10578	0.32950690388679504	0.11258403202658811
contig_352	13916	0.11436216533184052	0.18137699221995618
contig_344	7727	0.08413603901863098	0.20029836090339148
contig_346	12331	0.10707180202007294	0.18568245335750436
contig_35	4589	0.0206186231225729	0.292355918120704
contig_337	8803	0.20094259083271027	0.14651786388700053
contig_353	7207	0.04450979083776474	0.24212553818264218
contig_350	4328	0.22219741344451904	0.13981418536143214
contig_347	6669	0.029315873980522156	0.26928015711156433
contig_348	7096	0.12990409135818481	0.17389908603368834
contig_351	6551	0.04793987423181534	0.2373291034066017
contig_354	30727	0.15193243324756622	0.163853010046076
contig_355	9033	0.6258822083473206	0.03958002870307425
contig_378	5028	0.014159107580780983	0.3185474733741219
contig_356	13100	0.6022359132766724	0.04203489689553592
contig_363	5329	0.0034389058127999306	0.4201223657375935
contig_381	10444	0.07061967253684998	0.21191177581388324
contig_36	14428	0.2079293578863144	0.14449731852858977
contig_370	9205	0.02256355620920658	0.28648311806027643
contig_374	22427	0.039359115064144135	0.25035878842812903
contig_367	56328	0.2565736174583435	0.1307122894478435
contig_371	9211	0.10291249305009842	0.1880806707455246
contig_364	3598	0.4188051223754883	0.09209532442027343
contig_360	5150	0.002184036886319518	0.4533008535387869
contig_357	5342	5.555665211431915e-06	0.807443915703603
contig_379	34794	0.07723063230514526	0.2058312561371705
contig_372	6421	0.04348303750157356	0.2438817131203263
contig_368	17254	0.14513030648231506	0.16685550268147142
contig_375	13380	0.03032948449254036	0.2670707757383488
contig_361	5478	0.16775543987751007	0.15798020998564846
contig_365	12998	0.06226259842514992	0.2202583276682529
contig_38	12771	0.20394998788833618	0.14574363622630107
contig_358	5125	0.49904054403305054	0.06392099101140569
contig_373	5599	0.43576526641845703	0.08731777324571342
contig_366	5425	0.003900175681337714	0.4110204698240048
contig_369	5578	0.01600172184407711	0.31048417554195934
contig_376	5802	0.018114954233169556	0.30142004683133167
contig_362	14258	0.17251113057136536	0.15626180225092529
contig_382	86469	0.030418574810028076	0.266919706926505
contig_380	3877	0.00623598787933588	0.3766523151295415
contig_385	4660	0.015276403166353703	0.3133544829669915
contig_389	4813	0.4396374225616455	0.08629805876576781
contig_37	9019	0.1380309909582138	0.170462270564242
contig_359	16761	0.06005087122321129	0.22286426467255835
contig_396	15424	0.23914404213428497	0.1352632374046378
contig_392	18475	0.2536526322364807	0.13127879749225774
contig_377	21728	0.07827582955360413	0.20509479567943198
contig_402	3195	4.4318679215393786e-07	0.8953848477981721
contig_383	10760	0.01248202845454216	0.3270262104388549
contig_393	3547	0.0028308453038334846	0.43471938968200013
contig_39	15650	0.1103934794664383	0.18369967520205455
contig_386	7078	0.041205037385225296	0.24746959740161645
contig_406	5814	0.001650795922614634	0.4735629579273359
contig_4	14655	0.22304238379001617	0.13958758214366643
contig_397	5008	0.03012908436357975	0.2674673313694388
contig_384	6482	0.015195411629974842	0.31371327139512045
contig_390	6244	0.011512869969010353	0.33320114812297
contig_403	5719	0.3200330138206482	0.11452904297907697
contig_394	10511	0.04074651747941971	0.24828159226527682
contig_387	3978	0.19760550558567047	0.1474998111639852
contig_407	4850	0.2771190106868744	0.12550041543923257
contig_391	7205	0.05051277577877045	0.23377898632827251
contig_40	11481	0.03232719004154205	0.26299191781856635
contig_41	27275	0.5835062861442566	0.044149860261349046
contig_398	11212	0.23529687523841858	0.13626406828310295
contig_404	20073	0.13894854485988617	0.17000906412871064
contig_408	3954	0.31221938133239746	0.11639851952564394
contig_413	5592	0.3442032039165497	0.10899614774529798
contig_400	3146	0.0628669261932373	0.21957851801495581
contig_395	6183	0.07695595920085907	0.2060389757534557
contig_410	10106	0.03656494989991188	0.2554573608278571
contig_388	8686	0.4693201184272766	0.07774378729511293
contig_399	5600	0.08245143294334412	0.20167686381146613
contig_414	5776	0.04807985574007034	0.23717803459475792
contig_405	10420	0.009864995256066322	0.3450789334541884
contig_409	5731	0.00015809199248906225	0.6301268978019487
contig_401	9102	0.25342297554016113	0.13135433189817963
contig_411	9176	0.04636537283658981	0.23957625198277815
contig_420	7915	0.018991542980074883	0.2983042525870534
contig_417	18103	0.03538495674729347	0.25768562580255305
contig_415	9966	0.6787067651748657	0.03485912833295566
contig_424	6428	0.21110674738883972	0.1434398368456832
contig_431	5714	0.13403481245040894	0.17212402749452377
contig_435	26292	0.8299870491027832	0.02296245940025682
contig_412	5372	0.0641682893037796	0.21791676108467406
contig_421	8358	0.011268677189946175	0.3346929526399275
contig_428	33201	0.4300870895385742	0.08896064657451469
contig_416	7590	0.17690271139144897	0.1549399501472921
contig_425	3475	0.00012574908032547683	0.6451204773774454
contig_418	18949	0.05616854876279831	0.22711307500566508
contig_442	3728	0.0079116839915514	0.36048795226225544
contig_439	9187	0.3127272129058838	0.1162663343152806
contig_429	5172	0.008111218921840191	0.3587884281290128
contig_436	13508	0.03862982615828514	0.25151068811843796
contig_422	10503	0.026534661650657654	0.27596495203565224
contig_426	7738	0.0009636025060899556	0.5116134149104917
contig_432	55626	0.23916888236999512	0.13524435380315733
contig_419	7807	0.24505648016929626	0.1335825968728756
contig_443	5562	0.6089838743209839	0.04129843643779742
contig_437	14765	0.030931321904063225	0.26599441045396177
contig_43	9750	0.042757585644721985	0.2451280308180376
contig_44	16703	0.22446787357330322	0.13913437570813506
contig_42	4979	0.7564060091972351	0.02887302666364529
contig_423	6733	0.26158463954925537	0.12905053251756174
contig_427	12314	0.23050075769424438	0.13745373517637283
contig_433	7434	0.03313625603914261	0.2616889493164136
contig_444	3677	0.00015685991093050689	0.6305612206359997
contig_438	3366	0.06241757422685623	0.2200883752549286
contig_440	4409	0.0019060376798734069	0.462818188684946
contig_430	21464	0.23650723695755005	0.13592416345645442
contig_434	10214	0.19598691165447235	0.14799078480247752
contig_441	5038	0.39432385563850403	0.09791147367625953
contig_445	69867	0.30250853300094604	0.11860790089885943
contig_468	5833	0.03795372322201729	0.2527381222146688
contig_460	5261	0.06356453150510788	0.2185588035350102
contig_446	3319	0.0019373168470337987	0.4616662889946371
contig_453	12302	0.3565923273563385	0.1064846287483949
contig_457	5637	0.009530516341328621	0.3476471032555329
contig_464	7103	0.008618191815912724	0.3543507817811013
contig_471	5995	0.050695523619651794	0.23351461590754588
contig_469	5405	0.03058629296720028	0.26661756930281744
contig_45	7977	0.12849849462509155	0.17440894327366116
contig_461	3694	0.0086039574816823	0.3544074325855427
contig_447	5693	0.012975575402379036	0.32436362263010804
contig_454	7828	0.30817732214927673	0.11721051438930433
contig_465	7314	0.027835674583911896	0.27290580859581537
contig_47	4233	0.03143814206123352	0.26486139436513334
contig_473	5256	0.018263764679431915	0.3008724223883979
contig_458	16703	0.07576477527618408	0.20734194425560842
contig_450	13899	0.458808958530426	0.08135055517788353
contig_448	5449	0.10402325540781021	0.1874763954981494
contig_462	14413	0.15100842714309692	0.16419291487272453
contig_455	9985	0.9485577344894409	0.013841679885187703
contig_466	13385	0.0548582524061203	0.22852934511670064
contig_470	9797	0.9157617092132568	0.016542034896895538
contig_474	5780	0.0010676365345716476	0.5038333711005363
contig_463	4583	0.0663054808974266	0.21595286653070472
contig_449	3857	9.9001350463368e-05	0.659358712893723
contig_451	7189	0.01746673509478569	0.3041959362489614
contig_459	8053	0.010029374621808529	0.3439459173653599
contig_456	3744	0.15259060263633728	0.16362640682831028
contig_48	3911	0.052845507860183716	0.2307198428884357
contig_467	10218	0.07615414261817932	0.20688873782007705
contig_475	7394	0.42613571882247925	0.09024473147518695
contig_483	5856	0.012705327942967415	0.32566659113226076
contig_476	17984	0.04405085742473602	0.2427109298285369
contig_452	12146	0.11325792223215103	0.181886849459929
contig_487	3254	0.24648520350456238	0.13331822645214894
contig_480	3756	0.2512458562850952	0.13192083994259385
contig_46	24034	0.23248425126075745	0.13686834353047814
contig_490	5917	0.04227712005376816	0.24584560767429564
contig_484	5710	0.04683661460876465	0.23882090792355917
contig_477	6361	0.0018719397485256195	0.463932321172294
contig_494	5573	0.022912107408046722	0.28553893798625274
contig_488	3545	0.019707268103957176	0.2956416647783065
contig_498	10615	0.04705135524272919	0.23846211949543017
contig_481	9123	0.029851775616407394	0.26809049021829445
contig_485	6513	0.10240073502063751	0.18823173955736838
contig_491	6998	0.07539400458335876	0.20758743107485458
contig_500	5467	0.4781407415866852	0.07462799305083466
contig_478	18615	0.041375573724508286	0.24722411058237026
contig_495	9065	0.02544744685292244	0.2786464234458796
contig_482	10378	0.21785157918930054	0.14092831784878013
contig_489	16726	0.09800679236650467	0.1907054913513105
contig_499	19412	0.0315396673977375	0.2646536747488481
contig_479	7737	0.024882696568965912	0.28008157715839566
contig_486	15434	0.4422161281108856	0.08556159830802931
contig_492	7044	0.03749197721481323	0.25379560389757533
contig_501	6590	0.005131715442985296	0.3910793866606239
contig_49	6626	0.002379286102950573	0.44688042903542563
contig_496	5603	0.00047182460548356175	0.560030969106428
contig_5	5479	0.001989819575101137	0.4597212780421482
contig_504	6646	0.16346386075019836	0.15947201450260592
contig_508	8041	0.06432516872882843	0.2177468086713498
contig_493	14038	0.02448948472738266	0.2810635244353803
contig_515	8550	0.1922144591808319	0.1494070549135131
contig_497	8105	0.0660155788064003	0.21633053856031423
contig_502	10157	0.007646171376109123	0.36292393685323665
contig_505	5217	0.03747183457016945	0.25381448749905583
contig_509	4755	0.09673994034528732	0.19151748621497092
contig_511	32062	0.18489785492420197	0.15214517712818187
contig_50	13851	0.014078240841627121	0.31901956341113374
contig_522	8140	0.014139029197394848	0.31864189138152427
contig_516	8112	0.2720067501068115	0.12667119873102198
contig_512	6615	0.039952196180820465	0.24935795754966386
contig_519	8177	0.00924249179661274	0.3494976962006194
contig_51	4998	0.01368760783225298	0.3209079235591812
contig_506	5413	0.008857931941747665	0.3524813052345343
contig_503	23469	0.46751073002815247	0.07840471334692953
contig_523	6423	0.31761273741722107	0.1150200166175693
contig_517	5245	0.3020668029785156	0.1187023189062618
contig_513	3751	0.016325978562235832	0.3092000906412871
contig_510	3706	0.09942357987165451	0.1899879144950525
contig_526	17296	0.4913206696510315	0.06856635697560239
contig_53	5169	0.01638273522257805	0.3089357202205605
contig_507	9595	0.3728938102722168	0.10295339527154619
contig_527	9962	0.10078073292970657	0.1890437344210288
contig_518	5409	0.0066728536039590836	0.37210136717274717
contig_524	7762	0.009985476732254028	0.3440969861772037
contig_52	32471	0.9171284437179565	0.016485384092454113
contig_530	5921	0.40871649980545044	0.09411586977868419
contig_514	4912	0.0411863699555397	0.24746959740161645
contig_533	4996	0.052576228976249695	0.23102198051212328
contig_525	4982	0.04630393534898758	0.23967066999018052
contig_531	5794	0.08410973846912384	0.20031724450487198
contig_534	6283	0.33713585138320923	0.110827857088904
contig_520	13957	0.26134493947029114	0.12912606692348363
contig_528	8289	0.049889519810676575	0.23447767958305007
contig_529	4817	0.021706359460949898	0.28899463705717954
contig_521	6446	0.19180651009082794	0.1495581237253569
contig_532	3655	0.03703892230987549	0.2544942971523529
contig_535	69213	0.6703482866287231	0.03553893798625274
contig_536	5255	0.01821211725473404	0.3011745600120855
contig_555	4596	0.3405795991420746	0.1099403278193217
contig_540	5167	0.8891814947128296	0.018562580255306292
contig_537	13393	0.0192771814763546	0.29737895611451015
contig_562	8213	0.020687473937869072	0.29209154769997736
contig_559	5167	0.341607004404068	0.10956265578971221
contig_548	9354	0.08262099325656891	0.20156356220258329
contig_544	16880	0.33809900283813477	0.1105257194652164
contig_551	8461	0.13979968428611755	0.16946143968577687
contig_541	5201	0.00196292856708169	0.4606088073117305
contig_556	5101	0.001542088109999895	0.4785859959211421
contig_56	10432	0.1425049751996994	0.16793186796585846
contig_563	4959	0.03471527621150017	0.2588564090943425
contig_538	29107	0.041092656552791595	0.24767731701790166
contig_549	8500	0.05594338849186897	0.22735856182491124
contig_542	10982	0.16713033616542816	0.15813127879749225
contig_545	13061	0.31537750363349915	0.1153976886471788
contig_557	5161	0.014530551619827747	0.31669688042903543
contig_560	3421	0.1216687560081482	0.17794017675050985
contig_552	13381	0.5291603207588196	0.05262859732608203
contig_564	7250	0.13055743277072906	0.1735591812070398
contig_539	5355	0.07114963233470917	0.21153410378427373
contig_558	3563	0.11512409895658493	0.18096155298738575
contig_546	7078	0.005263307131826878	0.38907772490369363
contig_55	5673	0.018237240612506866	0.3009668403958003
contig_543	5826	0.008337259292602539	0.3566734647631996
contig_561	4337	0.004039606545120478	0.40866001963894555
contig_553	5526	0.10227858275175095	0.18826950676032933
contig_565	7032	0.7543425559997559	0.02900521187400861
contig_54	15903	0.021414928138256073	0.29005211874008613
contig_566	10335	0.051807958632707596	0.231966160586147
contig_547	6207	0.045996107161045074	0.24008610922275098
contig_554	5582	0.03634871542453766	0.25577838205302517
contig_573	3447	0.00045095550012774765	0.5631467633507062
contig_580	11265	0.06334441900253296	0.21880429035425636
contig_57	12202	0.0820612907409668	0.2019223506307123
contig_567	5001	0.12101602554321289	0.17837449958456078
contig_577	4885	0.021402256563305855	0.2900898859430471
contig_584	5754	0.21969223022460938	0.14047511141324873
contig_581	5312	0.04235381633043289	0.24577007326837375
contig_550	66750	0.20283514261245728	0.1459513558425863
contig_568	3808	0.03843922168016434	0.2516995241332427
contig_570	3974	0.00632105628028512	0.3757647858599592
contig_574	4965	0.005682900082319975	0.3835070624669537
contig_588	9723	0.21895501017570496	0.14058841302213157
contig_578	10164	0.04231424629688263	0.24577007326837375
contig_585	7760	0.03745527192950249	0.2538522547020168
contig_575	7079	0.2020607590675354	0.146177959060352
contig_582	7662	0.09575633704662323	0.19225394667270942
contig_571	5536	0.10767123103141785	0.18515371251605106
contig_569	11408	0.4214322566986084	0.09149104917289826
contig_589	5948	0.08504834771156311	0.1994863660397311
contig_591	15273	0.11531029641628265	0.1809237857844248
contig_576	12648	0.06568270176649094	0.21659490898104086
contig_586	5238	0.12773197889328003	0.17476773170179016
contig_579	4997	0.17105667293071747	0.15684719389682
contig_572	5462	0.0032489136792719364	0.42442782687514163
contig_59	5623	0.18274638056755066	0.15290052118740086
contig_592	9328	0.11040625721216202	0.18369967520205455
contig_599	5572	0.017977550625801086	0.3020620892816678
contig_58	5918	0.3104986250400543	0.11671954075081199
contig_583	41553	0.24853616952896118	0.1328461364151371
contig_601	3918	0.06270171701908112	0.21982400483420197
contig_6	10765	0.021844930946826935	0.28869249943349196
contig_595	45899	0.20912200212478638	0.1441196464989803
contig_593	5769	9.221295840688981e-06	0.7853689855729284
contig_590	7122	0.0035211164504289627	0.41846060880731173
contig_587	19912	0.48623982071876526	0.071058992371025
contig_609	3684	0.0038202509749680758	0.4125500415439233
contig_602	9779	0.28604966402053833	0.12308331444973185
contig_616	8329	0.09783220291137695	0.19081879296019336
contig_605	8397	0.1329483985900879	0.1725394667270942
contig_594	3868	0.10058265924453735	0.18921368683435305
contig_60	16221	0.28348737955093384	0.12378200770450941
contig_596	7935	0.945912778377533	0.014106050305914344
contig_612	8420	0.07698273658752441	0.20602009215197523
contig_617	3930	0.011247741058468819	0.3349384394591737
contig_61	14429	0.02596057392656803	0.2774756401540902
contig_597	7239	0.10361982882022858	0.1877029987159151
contig_600	7780	0.1410590410232544	0.16872497922803836
contig_62	4901	0.2026447206735611	0.14598912304554726
contig_606	13797	0.0853402391076088	0.19924087922048492
contig_618	3340	0.05086314678192139	0.23334466349422162
contig_610	11101	0.6363686323165894	0.038484779817206737
contig_603	44893	0.07693728059530258	0.2060389757534557
contig_613	8830	0.3273279070854187	0.11311277286804139
contig_623	6947	0.03590713068842888	0.25672256212704886
contig_620	5071	0.024136537685990334	0.28223430772716973
contig_607	11522	0.06789464503526688	0.214291109600423
contig_598	3719	0.04291047155857086	0.2448447767958305
contig_611	3270	0.0066588944755494595	0.37221466878163
contig_604	6419	0.17448700964450836	0.15550645819170633
contig_619	4284	0.06733450293540955	0.21497091925372008
contig_624	7870	0.520960807800293	0.0543470050608052
contig_621	7464	0.07881356030702591	0.2046415892439006
contig_614	4970	0.07850722223520279	0.2049437268675882
contig_608	11572	0.25779739022254944	0.13044791902711686
contig_625	11561	0.3307796120643616	0.11228189440290053
contig_622	12386	0.1494753509759903	0.16479719012009972
contig_615	9198	0.07779058814048767	0.20554800211496338
contig_626	14777	0.04181678593158722	0.24641211571870988
contig_638	4043	0.06971005350351334	0.21270488707606314
contig_627	4740	1.4220274351828266e-05	0.7657489236347156
contig_634	16025	0.10087282955646515	0.1889682000151069
contig_645	13592	0.11347158253192902	0.18184908225696805
contig_630	4955	8.078756764007267e-06	0.7909585316111489
contig_652	3258	0.4314844012260437	0.08863962534934662
contig_641	9439	0.02259577251970768	0.2863698164513936
contig_639	3627	0.06826762855052948	0.21389455396933302
contig_649	3391	0.10119516402482986	0.1887982476017826
contig_635	7515	0.021224986761808395	0.2905053251756175
contig_642	7140	0.013840301893651485	0.3201903467029232
contig_646	11276	0.1711389124393463	0.15679054309237858
contig_628	5184	0.05905596539378166	0.22405393156582823
contig_653	8835	0.03377413749694824	0.2604615152201828
contig_631	15206	0.05655999481678009	0.22667875217161418
contig_64	17505	0.06555000692605972	0.21667044338696276
contig_643	3865	0.025628916919231415	0.2781176826044263
contig_65	18446	0.2513512670993805	0.13186418913815243
contig_647	4995	0.6208862066268921	0.03995770073268374
contig_636	10199	0.01599128171801567	0.3105219427449203
contig_629	5228	0.09948015213012695	0.18996903089357203
contig_644	5584	0.003230373142287135	0.4248243825062316
contig_650	5757	0.06286914646625519	0.21957851801495581
contig_648	8443	0.09893098473548889	0.19025228491577914
contig_632	8289	0.04631052911281586	0.23963290278721958
contig_654	14317	0.538811445236206	0.05062693556915175
contig_640	3632	0.03970436006784439	0.2497167459777929
contig_637	4724	0.10965269058942795	0.18407734723166402
contig_656	4538	0.021614786237478256	0.2894478434927109
contig_633	9414	0.019218293949961662	0.29754890852783444
contig_63	10078	0.2539815902709961	0.13118437948485534
contig_655	3399	0.4004817306995392	0.096457436362263
contig_651	7350	0.2659762501716614	0.12793640003021375
contig_66	18628	0.0741090402007103	0.20866379635924162
contig_663	3468	0.00016887982201296836	0.625915854671803
contig_674	5385	0.6474290490150452	0.037295112923936856
contig_667	5171	0.0035794524010270834	0.41744089432736614
contig_678	4160	0.035054922103881836	0.2583087846514087
contig_657	4296	0.02536563202738762	0.27896744467104767
contig_660	6241	0.021005842834711075	0.2911662512274341
contig_670	30829	0.08496041595935822	0.19954301684417253
contig_675	7769	0.04285470023751259	0.24490142760027192
contig_664	5283	0.1304515302181244	0.17359694841000076
contig_681	16169	0.04977768659591675	0.23462874839489387
contig_668	4655	0.13949613273143768	0.16963139209910114
contig_671	7738	0.18610619008541107	0.15178638870005287
contig_658	6405	0.13772539794445038	0.17066999018052723
contig_661	5499	0.44848600029945374	0.08384319057330614
contig_679	5902	0.3757597804069519	0.10238688722713196
contig_682	3844	0.010722402483224869	0.33860185814638566
contig_665	4826	0.055406518280506134	0.22792506986932548
contig_676	9872	0.04819837212562561	0.23689478057255078
contig_672	10602	0.05005741864442825	0.23426995996676486
contig_683	4900	0.01821465604007244	0.30113679280912453
contig_669	9401	0.6210130453109741	0.03995770073268374
contig_68	17071	0.03783059120178223	0.2531346778457587
contig_662	4658	0.9977915287017822	0.0048153183775209605
contig_659	9324	0.37610137462615967	0.10229246921972959
contig_677	3303	7.705754251219332e-05	0.6739746204396102
contig_684	13444	0.13731703162193298	0.17080217539089054
contig_685	3322	0.0011479989625513554	0.4988669839111715
contig_673	5415	0.07811171561479568	0.2052269808897953
contig_67	5502	0.0026847319677472115	0.4384394591736536
contig_666	40480	0.18947599828243256	0.1505211874008611
contig_692	5415	0.028754424303770065	0.27056424201223656
contig_689	7731	0.005635068751871586	0.38433794093209456
contig_686	5654	0.016550512984395027	0.30827479416874387
contig_7	8902	0.054888658225536346	0.2284915779137397
contig_696	5350	0.06178256869316101	0.22088148651710854
contig_680	67559	0.1701926290988922	0.15714933152050758
contig_69	6190	0.29659774899482727	0.120024171009895
contig_706	19435	0.997735857963562	0.0048153183775209605
contig_693	14388	0.3311319649219513	0.1122252435984591
contig_70	6299	0.07423833012580872	0.2086071455548002
contig_697	14652	0.5488661527633667	0.04898406224035048
contig_702	33124	0.5329731702804565	0.05189213686834353
contig_687	19684	0.07554657757282257	0.2075118966689327
contig_71	4789	0.018838759511709213	0.2988707606314676
contig_690	9921	0.24938568472862244	0.13250623158848857
contig_694	5624	0.0008014107588678598	0.5242465443009291
contig_703	5146	0.0275577325373888	0.27360450185059293
contig_707	8299	0.6043432950973511	0.04177052647480928
contig_688	7257	0.1949985921382904	0.14836845683208702
contig_698	3623	0.0008764815866015851	0.5178450033990483
contig_700	10709	0.3158777356147766	0.11530327063977641
contig_691	3684	0.6776161789894104	0.03493466273887756
contig_710	5377	0.013935967348515987	0.3196616058614699
contig_713	5270	0.030668579041957855	0.26644761688949314
contig_701	7936	0.020529432222247124	0.29273359015031347
contig_711	8692	0.061755500733852386	0.220900370118589
contig_704	15050	0.18830227851867676	0.15097439383639247
contig_708	9270	0.23726919293403625	0.13575421104313015
contig_695	13624	0.04074864834547043	0.24828159226527682
contig_699	9172	0.05567893013358116	0.22756628144119648
contig_714	23094	0.029208149760961533	0.26950676032933
contig_705	10041	0.037223752588033676	0.25422992673162625
contig_712	7609	0.060016386210918427	0.2229020318755193
contig_709	7876	0.009067516773939133	0.3510272679205378
contig_715	9276	0.05278635397553444	0.2307953772943576
contig_716	10502	0.11828530579805374	0.17958305007931114
contig_717	5386	0.010170761495828629	0.34273736687060957
contig_724	4908	0.0004811485705431551	0.5583503285746657
contig_728	10583	0.6402316093444824	0.0381448749905582
contig_718	5819	0.10605087131261826	0.18632449580784047
contig_739	8880	0.0014617389533668756	0.4821738802024322
contig_735	6168	0.005963079631328583	0.37993806178714407
contig_742	5043	0.2046237736940384	0.14547926580557444
contig_731	3693	0.0008929647738113999	0.516523151295415
contig_720	5462	0.00046864087926223874	0.5604464083389984
contig_725	22889	0.13579978048801422	0.17136868343530479
contig_743	3901	0.4532396197319031	0.08265352368003626
contig_721	8389	0.053133755922317505	0.2303421708588262
contig_719	12806	0.05931832641363144	0.22377067754362112
contig_729	9781	0.049389682710170746	0.23508195483042527
contig_732	5215	0.03436975181102753	0.25938514993579576
contig_74	7566	0.3644108772277832	0.10482287181811314
contig_736	7271	0.03838526830077171	0.251831709343606
contig_726	5541	0.012663014233112335	0.32596872875594834
contig_722	5842	0.13534756004810333	0.17155751945010952
contig_744	8983	0.009812882170081139	0.34560767429564165
contig_740	7220	0.036686137318611145	0.2553062920160133
contig_737	7910	0.07451991736888885	0.20834277513407357
contig_73	19372	0.0526345893740654	0.23096532970768185
contig_723	3368	0.00199917727150023	0.4592114208021754
contig_738	3389	0.009805651381611824	0.3456643251000831
contig_72	24832	0.018430540338158607	0.30028703074250324
contig_727	6522	0.01077389158308506	0.33828083692121763
contig_741	6228	0.00043903780169785023	0.5649595890928318
contig_745	3716	0.0812874287366867	0.20248885867512653
contig_730	8856	0.8213026523590088	0.02358561824911247
contig_746	7516	0.2169760912656784	0.1410982702621044
contig_764	5631	0.007368700113147497	0.3653976886471788
contig_753	3964	0.41080743074417114	0.09354936173426996
contig_757	3557	0.030199959874153137	0.26733514615907544
contig_733	77975	0.40485620498657227	0.09509781705566886
contig_760	7184	0.024299131706357002	0.28163003247979457
contig_768	8534	0.2870458662509918	0.12270564242012237
contig_75	33973	0.04215622693300247	0.2460155600876199
contig_747	7569	0.14880047738552094	0.16506156054082635
contig_754	6792	0.24062380194664001	0.1348289145705869
contig_734	3078	1.3566191228164826e-06	0.8616209683510839
contig_765	17203	0.02016759105026722	0.29407432585542714
contig_758	15882	0.11487171798944473	0.18101820379182718
contig_761	4049	0.4739546477794647	0.07613868116927261
contig_769	8327	0.5778056383132935	0.04473525190724375
contig_750	3691	0.03750999644398689	0.25372006949165343
contig_755	5220	0.0027048629708588123	0.43796736913664175
contig_748	4329	0.01658465340733528	0.30801042374801724
contig_766	5323	0.7753695845603943	0.027286804139285446
contig_759	3708	0.04132463037967682	0.24722411058237026
contig_771	11023	0.6481504440307617	0.0372573457209759
contig_762	12058	0.19912965595722198	0.1471410227358562
contig_767	5536	0.2568323612213135	0.13069340584636302
contig_749	8819	0.17572718858718872	0.15512878616209683
contig_751	5507	0.29121261835098267	0.12168592794017676
contig_77	16770	0.02745368704199791	0.2738499886698391
contig_76	8370	0.01003012340515852	0.34392703376387945
contig_772	4903	0.00031121386564336717	0.5882808369212176
contig_756	25543	0.48496291041374207	0.07185210363320492
contig_775	5381	0.000824113842099905	0.5221315809351159
contig_770	3810	0.00032931636087596416	0.584674069038447
contig_763	5639	0.8248621225357056	0.023396782234307727
contig_752	3618	0.0017859300132840872	0.4676146234609865
contig_779	3814	0.5089349746704102	0.05751945010952489
contig_773	5444	0.032740332186222076	0.26251982778155447
contig_782	14715	0.40429335832595825	0.09523000226603218
contig_786	7546	0.4756547510623932	0.07549663871893647
contig_79	6869	0.10499970614910126	0.1869665382581766
contig_776	5505	0.004227904137223959	0.4050910189591359
contig_793	4101	0.2078663855791092	0.14449731852858977
contig_774	7269	0.034476831555366516	0.25923408112395196
contig_78	13982	0.03344491869211197	0.2611979756779213
contig_797	8858	0.03527147322893143	0.25783669461439684
contig_790	5404	0.2067369967699051	0.14479945615227735
contig_787	9807	0.9518445134162903	0.013407357051136793
contig_783	3441	6.307127478066832e-05	0.6861356597930357
contig_80	7095	0.01915413700044155	0.29769997733967823
contig_777	7533	0.02281373180449009	0.2857277740010575
contig_780	5694	0.14680498838424683	0.16611904222373292
contig_794	20998	0.08477643132209778	0.1997129692574968
contig_791	8649	0.16530832648277283	0.1588299720522698
contig_788	8882	0.04172787070274353	0.24658206813203415
contig_798	11055	0.06460423022508621	0.2175202054535841
contig_784	7568	0.0041937679052352905	0.4055442253946673
contig_800	4992	0.010703608393669128	0.33869627615378806
contig_795	8654	0.06556204706430435	0.21665155978548228
contig_799	5814	0.016801949590444565	0.3069340584636302
contig_778	24433	0.11354115605354309	0.18183019865548758
contig_781	5725	0.018584731966257095	0.29981494070549136
contig_789	5986	0.020942479372024536	0.2913928544451998
contig_792	8263	0.02481841668486595	0.2802704131732004
contig_785	5313	0.03018437698483467	0.2673729133620364
contig_801	7600	0.21154680848121643	0.143232117229398
contig_796	4894	0.25256580114364624	0.1315998187174258
contig_8	24364	0.30221182107925415	0.11862678450033991
contig_803	3840	0.0011786076938733459	0.4972807613868117
contig_804	5382	0.11148886382579803	0.18294433114283556
contig_802	13155	0.5648655891418457	0.046378125236045016
contig_805	3681	0.000964659673627466	0.5115567641060503
contig_806	6152	0.003839021548628807	0.4121534859128333
contig_814	3201	0.00031852006213739514	0.586902334013143
contig_829	5386	0.004436877556145191	0.40155978548228716
contig_821	8965	0.03500659391283989	0.2584032026588111
contig_810	3811	0.3673626780509949	0.1041997129692575
contig_807	6560	0.17252910137176514	0.15626180225092529
contig_825	5828	0.027693917974829674	0.27324571342246395
contig_815	3971	0.38374122977256775	0.1003663418687212
contig_832	21350	0.11116093397140503	0.18317093436060125
contig_811	4287	0.0003061713941860944	0.5893005514011632
contig_822	4941	0.0033251408021897078	0.4227094191404185
contig_83	14968	0.030051339417696	0.267675050985724
contig_816	5526	0.03886258974671364	0.25100083087846514
contig_826	11144	0.11028774082660675	0.1837374424050155
contig_833	5922	0.11148328334093094	0.18294433114283556
contig_808	5264	0.34320324659347534	0.1092794017675051
contig_812	4692	0.0028551050927489996	0.4339451620213007
contig_818	77359	0.04453401267528534	0.2421066545811617
contig_827	4823	0.0013234603684395552	0.48899086033688344
contig_823	6592	0.0024279472418129444	0.44563411133771436
contig_817	8943	0.10219661891460419	0.18830727396329028
contig_809	5178	0.03300190344452858	0.2619910869401012
contig_834	11241	0.03600548952817917	0.2565337261122441
contig_828	5348	0.04098033159971237	0.24792280383714782
contig_824	6096	0.0009619889897294343	0.511783367323816
contig_819	7724	0.06478073447942734	0.2173124858372989
contig_813	18094	0.097152940928936	0.19119646498980286
contig_830	33522	0.17200611531734467	0.15643175466424958
contig_81	9126	0.05154465138912201	0.23238159981871742
contig_836	5181	0.0034601716324687004	0.41963139209910116
contig_835	12652	0.239360049366951	0.1351310521942745
contig_843	5188	0.0062131332233548164	0.37693556915174864
contig_850	5472	0.06756840646266937	0.214649898028552
contig_847	5231	0.007235153578221798	0.3665118211345268
contig_84	8878	0.03968995437026024	0.2497167459777929
contig_837	3392	0.01259943563491106	0.3263086335825969
contig_831	5902	0.06631515175104141	0.21595286653070472
contig_82	5064	0.01042423490434885	0.34077347231664024
contig_854	3163	0.008839918300509453	0.3525757232419367
contig_851	3302	0.9934996962547302	0.006628144119646499
contig_844	6448	0.1531105637550354	0.16341868721202507
contig_858	9264	0.09690828621387482	0.19140418460608807
contig_820	3471	0.001220035832375288	0.4947881259913891
contig_840	6138	0.37102848291397095	0.10342548530855805
contig_838	5770	0.003325381549075246	0.4227094191404185
contig_848	9653	0.1315467804670334	0.17308709117002793
contig_852	3483	0.000340228492859751	0.5826535236800363
contig_845	4071	0.00036934195668436587	0.5771206284462572
contig_855	3610	0.5282293558120728	0.0527985497394063
contig_859	3828	0.0002084315347019583	0.613377143288768
contig_841	8537	0.14558807015419006	0.1667044338696276
contig_849	3518	0.7793631553649902	0.026909132109675958
contig_839	9337	0.027500314638018608	0.2737366870609563
contig_861	10590	0.08306172490119934	0.20112923936853236
contig_856	6539	0.15092779695987701	0.16419291487272453
contig_853	11182	0.15351131558418274	0.16326761840018128
contig_85	3416	1.8121439779861248e-06	0.8514238235516277
contig_846	5599	0.9502222537994385	0.013577309464461063
contig_842	3452	3.3292806620011106e-05	0.7218634337940932
contig_869	5161	0.6151765584945679	0.04052420877709797
contig_865	5902	0.048320602625608444	0.23678147896366794
contig_872	5555	0.8196982741355896	0.02375557066243674
contig_857	7385	0.06984978914260864	0.21262935267014124
contig_862	16195	0.2168121337890625	0.1411549210665458
contig_86	65821	0.15357257425785065	0.16322985119722033
contig_876	7489	0.1349227875471115	0.17176523906639474
contig_88	8772	0.8443233966827393	0.021942744920311202
contig_873	8291	0.014826168306171894	0.31533726112244126
contig_866	3731	0.18000483512878418	0.15386358486290505
contig_87	6109	0.6699519157409668	0.03559558879069416
contig_863	3171	0.01683696173131466	0.30682075685474736
contig_877	6981	0.005310509353876114	0.38847344965631847
contig_883	12634	0.061055656522512436	0.22184455019261273
contig_867	4004	0.009968291036784649	0.34430470579348893
contig_874	8428	0.05079226195812225	0.23338243069718256
contig_860	23522	0.07336882501840591	0.20940025681698013
contig_870	8448	0.007759303320199251	0.36188533877181056
contig_864	3767	0.46425139904022217	0.07965103104464083
contig_878	8978	0.02245904505252838	0.28693632449580786
contig_868	5364	0.08029511570930481	0.2033763879447088
contig_880	34625	0.36015555262565613	0.10572928468917592
contig_884	6998	0.003089216537773609	0.428185663569756
contig_875	4803	0.05274920538067818	0.23083314449731854
contig_890	8473	0.051984209567308426	0.23175844096986178
contig_894	8116	0.03679337725043297	0.25509857239972805
contig_887	31198	0.344683974981308	0.10890172973789561
contig_879	6517	0.6950594186782837	0.033442858221920085
contig_881	5175	0.06292083859443665	0.21954075081199487
contig_871	25904	0.036420125514268875	0.25568396404562277
contig_885	9702	0.7972685098648071	0.025549512803081802
contig_891	4964	0.011956028640270233	0.3301797718860941
contig_895	20853	0.32041043043136597	0.11441574137019413
contig_888	9178	0.13737544417381287	0.17080217539089054
contig_882	7309	0.017643917351961136	0.30327063977641816
contig_892	5331	0.006706639192998409	0.3718181131505401
contig_886	22513	0.08574582636356354	0.19893874159679734
contig_896	5760	0.0001515421608928591	0.6325439987914495
contig_889	6493	0.017161978408694267	0.3053667195407508
contig_893	7983	0.009406893514096737	0.3484590981191933
contig_897	7956	0.23966670036315918	0.1351310521942745
contig_89	17913	0.11269362270832062	0.18235893949694085
contig_919	5186	0.09527595341205597	0.19244278268751416
contig_900	13389	0.30131134390830994	0.11887227131958607
contig_904	5333	0.8741605281829834	0.01984666515597855
contig_898	5125	0.3434103727340698	0.10924163456454415
contig_908	7717	0.0578048899769783	0.2251869476546567
contig_915	5017	0.1336825042963028	0.17225621270488709
contig_922	5126	0.05430087447166443	0.2290958531611149
contig_901	8851	0.0009354046196676791	0.5135206586600196
contig_911	29729	0.2242015302181244	0.13920991011405695
contig_92	25748	0.16696184873580933	0.15820681320341415
contig_899	5214	0.027399949729442596	0.27388775587280006
contig_916	9875	0.06949808448553085	0.21293149029382885
contig_902	16682	0.24038979411125183	0.13494221617946975
contig_920	3266	0.00015175297448877245	0.6324118135810862
contig_909	20967	0.04427197948098183	0.2423521414004079
contig_923	18092	0.209669828414917	0.14394969408565603
contig_905	24509	0.06599272042512894	0.21636830576327518
contig_912	7267	0.03895275667309761	0.2508119948636604
contig_9	6333	0.013281762599945068	0.3226074476924239
contig_903	5500	0.5278857946395874	0.05285520054384772
contig_91	6643	0.20228686928749084	0.14608354105294963
contig_917	10234	0.060280781239271164	0.22256212704887077
contig_921	8002	0.14921033382415771	0.1648727245260216
contig_90	8482	0.09094806760549545	0.19538862451846817
contig_924	5569	0.078148752450943	0.20520809728831482
contig_906	22245	0.3861386179924011	0.09974318301986555
contig_926	5941	0.02829814702272415	0.27162172369514315
contig_918	7307	0.005028302315622568	0.39213686834353045
contig_910	17108	0.18152177333831787	0.15329707681849084
contig_933	5077	0.25078195333480835	0.13201525794999622
contig_925	3462	0.30890145897865295	0.11707832917894101
contig_907	3834	0.006854733917862177	0.3701752398217388
contig_93	22337	0.5137439370155334	0.056084296397008834
contig_927	3783	0.025632008910179138	0.2781176826044263
contig_940	4916	0.11046019196510315	0.1836619079990936
contig_944	5418	0.14931876957416534	0.16483495732306067
contig_934	7184	0.06230470538139343	0.22022056046529195
contig_930	5526	0.09953581541776657	0.18996903089357203
contig_948	5268	0.10752689838409424	0.18528589772641438
contig_941	3702	0.14350907504558563	0.16753531233476848
contig_937	35955	0.2586095333099365	0.13014578140342925
contig_913	86310	0.21181324124336243	0.14311881562051515
contig_928	4653	0.02437824197113514	0.28132789485610693
contig_935	3300	0.022685497999191284	0.2861432132336279
contig_931	23748	0.17048093676567078	0.15701714631014427
contig_949	4085	0.004509921185672283	0.4002945841830954
contig_938	3566	0.13459478318691254	0.17195407508119948
contig_942	15327	0.44440844655036926	0.08501397386509556
contig_936	9120	0.26986533403396606	0.12706775436211193
contig_945	37003	0.047285713255405426	0.2381599818717426
contig_914	6053	0.23638281226158142	0.13603746506533726
contig_929	13447	0.01470349170267582	0.31590376916685553
contig_943	3468	0.005230412352830172	0.3897008837525493
contig_939	6331	0.02327970415353775	0.2845569907092681
contig_95	7916	0.14287340641021729	0.16778079915401464
contig_932	5637	0.054340019822120667	0.229020318755193
contig_959	7580	0.28706347942352295	0.12270564242012237
contig_951	5963	0.025921955704689026	0.2775511745600121
contig_946	16212	0.09947888553142548	0.18996903089357203
contig_955	15345	0.2327037751674652	0.13681169272603672
contig_962	4248	0.038721684366464615	0.2513218521036332
contig_94	7662	0.006673293653875589	0.37210136717274717
contig_966	5151	0.004417379852384329	0.40197522471485764
contig_947	6120	0.015245294198393822	0.3134489009743938
contig_952	7341	0.04672711342573166	0.2390097439383639
contig_950	23737	0.05757375806570053	0.22550796887982477
contig_96	14373	0.1533033698797226	0.16334315280610318
contig_956	6219	0.10353865474462509	0.18774076591887603
contig_963	5898	0.0038824689108878374	0.41132260744769245
contig_97	11597	0.41207727789878845	0.0933794093209457
contig_953	5705	0.010404834523797035	0.3409056575270035
contig_967	8065	0.33289003372192383	0.11194198957625198
contig_973	5882	0.018295351415872574	0.30070246997507366
contig_977	6048	0.03963105008006096	0.2498489311881562
contig_960	5419	0.049431975930929184	0.2350630712289448
contig_970	3603	1.4773482881480504e-08	0.9603444368910039
contig_954	7177	0.00623402139171958	0.37669008233250245
contig_957	10752	0.24043944478034973	0.13492333257798927
contig_958	3734	0.0038665845058858395	0.4117002794773019
contig_968	13456	0.26997578144073486	0.12704887076063145
contig_961	14612	0.04537187144160271	0.24097363849233325
contig_974	10745	0.03345935791730881	0.2611790920764408
contig_978	9920	0.02341032586991787	0.2842170858826195
contig_971	9649	0.15953513979911804	0.16096381901956341
contig_984	6084	0.37658098340034485	0.10223581841528816
contig_964	66651	0.10850591957569122	0.18468162247903921
contig_980	21917	0.3414286971092224	0.10960042299267317
contig_975	9204	0.8632396459579468	0.02063977641815847
contig_969	7159	0.03489174321293831	0.25864868947805725
contig_972	6648	0.009709141217172146	0.346457436362263
contig_985	5831	0.06509917974472046	0.21706699901805274
contig_979	7219	0.18071991205215454	0.15352368003625652
contig_965	8423	0.08979712426662445	0.1961817357806481
contig_981	9867	0.15622490644454956	0.16238008913059898
contig_976	11009	0.04763249680399895	0.23765012463176977
contig_98	8722	0.32722634077072144	0.11315054007100234
contig_986	5492	0.02928202971816063	0.2693934587204472
contig_982	5034	0.0050391824916005135	0.3920235667346476
contig_987	3833	0.004380429163575172	0.40254173275927185
contig_983	4519	0.0036146738566458225	0.41661001586222524
contig_988	6117	0.00235563307069242	0.44771130750056654
contig_989	5367	0.09822045266628265	0.19059218974242767
contig_992	8968	0.005518015474081039	0.3859808142608958
contig_990	5007	0.014835887588560581	0.31528061031799987
contig_993	3696	0.3774091899394989	0.10206586600196389
contig_994	11132	0.06747964024543762	0.21478208323891532
contig_99	11705	0.054020605981349945	0.22941687438628294
contig_995	5996	0.13397663831710815	0.17214291109600424
contig_991	15356	0.8889671564102173	0.018581463856786766
contig_996	7102	0.09229554235935211	0.19442556084296397
contig_998	7184	0.001983656780794263	0.4599101140569529
contig_999	7540	0.03496982157230377	0.25844096986177206
contig_997	32431	0.10251396894454956	0.18817508875292696
