================================================================================
Viral Abundance Report (MetaFlye - Long Reads) - llnl_66d1047e
================================================================================

Total mapped reads: 148104
Viral contigs reported: 825

Contig ID                                 Length(bp)     Reads         RPM        RPKM
--------------------------------------------------------------------------------
contig_1145                                     7063      1701    11485.17     1626.10
contig_689                                      9921      2263    15279.80     1540.15
contig_1027                                    13142      2644    17852.32     1358.42
contig_1044                                    13263      1938    13085.40      986.61
contig_258                                      6022       749     5057.26      839.80
contig_1171                                     7286       887     5989.03      821.99
contig_1100                                    26049      2999    20249.28      777.35
contig_1211                                     6167       697     4706.15      763.12
contig_1147                                    12271      1231     8311.73      677.35
contig_1141                                    18134      1689    11404.15      628.88
contig_1148                                    21575      1907    12876.09      596.81
contig_1177                                    19428      1623    10958.52      564.06
contig_1187                                    71359      5211    35184.74      493.07
contig_1133                                    38154      2312    15610.65      409.15
contig_1166                                    26802      1592    10749.20      401.06
contig_1130                                     7541       434     2930.37      388.59
contig_1058                                    54109      3003    20276.29      374.73
contig_1089                                    11326       628     4240.26      374.38
contig_1126                                    18820       940     6346.89      337.24
contig_1079                                    12016       556     3754.12      312.43
contig_1163                                    21982       906     6117.32      278.29
contig_1091                                   162968      6695    45204.72      277.38
contig_1123                                    47303      1920    12963.86      274.06
contig_1184                                    91080      3577    24151.95      265.17
contig_1111                                    13014       510     3443.53      264.60
contig_1183                                    30458      1154     7791.82      255.82
contig_927                                     13447       504     3403.01      253.07
contig_1168                                     8637       320     2160.64      250.16
contig_1102                                    19278       707     4773.67      247.62
contig_1115                                    10494       382     2579.27      245.79
contig_1085                                    21683       735     4962.73      228.88
contig_1121                                    16429       544     3673.09      223.57
contig_1080                                    22243       723     4881.70      219.47
contig_1124                                    41804      1337     9027.44      215.95
contig_1212                                    27117       839     5664.94      208.91
contig_1104                                   122332      3656    24685.36      201.79
contig_1060                                    27417       794     5361.10      195.54
contig_1129                                    34511       993     6704.75      194.28
contig_1071                                    10358       294     1985.09      191.65
contig_1194                                    10521       297     2005.35      190.60
contig_1073                                    55790      1561    10539.89      188.92
contig_710                                      7613       205     1384.16      181.82
contig_1196                                    23642       603     4071.46      172.21
contig_1165                                    50236      1229     8298.22      165.18
contig_1098                                    20508       496     3349.00      163.30
contig_1084                                    39632       954     6441.42      162.53
contig_1151                                    53599      1215     8203.69      153.06
contig_1065                                    83876      1848    12477.72      148.76
contig_1152                                    31750       676     4564.36      143.76
contig_1138                                    37657       776     5239.56      139.14
contig_1094                                     6939       142      958.79      138.17
contig_1062                                    11919       239     1613.73      135.39
contig_1189                                   202410      3918    26454.38      130.70
contig_1134                                    31418       589     3976.94      126.58
contig_1087                                    28243       523     3531.30      125.03
contig_1208                                   261217      4819    32537.95      124.56
contig_731                                      3078        52      351.10      114.07
contig_1174                                    11550       180     1215.36      105.23
contig_1179                                     9691       150     1012.80      104.51
contig_334                                      4978        70      472.64       94.95
contig_1077                                    23712       328     2214.66       93.40
contig_1088                                    78866      1056     7130.12       90.41
contig_1063                                   157845      2079    14037.43       88.93
contig_796                                      8725       111      749.47       85.90
contig_1128                                    18798       235     1586.72       84.41
contig_681                                      3842        48      324.10       84.36
contig_1070                                    17371       217     1465.19       84.35
contig_629                                     15206       189     1276.13       83.92
contig_1169                                    10501       129      871.01       82.95
contig_1200                                    29327       356     2403.72       81.96
contig_1142                                    83833       998     6738.51       80.38
contig_1170                                    52020       619     4179.50       80.34
contig_1204                                    53682       638     4307.78       80.25
contig_131                                      5008        59      398.37       79.55
contig_1125                                    32620       384     2592.77       79.48
contig_1203                                    46238       539     3639.33       78.71
contig_1172                                    18155       210     1417.92       78.10
contig_1096                                    63744       724     4888.46       76.69
contig_1207                                    40334       426     2876.36       71.31
contig_332                                     10328       109      735.97       71.26
contig_595                                      7226        76      513.15       71.01
contig_136                                      5331        55      371.36       69.66
contig_1202                                   104248      1053     7109.87       68.20
contig_804                                      6159        61      411.87       66.87
contig_1097                                    47229       467     3153.19       66.76
contig_592                                      3867        37      249.82       64.60
contig_1032                                     7815        74      499.65       63.93
contig_855                                      7400        70      472.64       63.87
contig_1192                                    17488       158     1066.82       61.00
contig_1167                                    28523       252     1701.51       59.65
contig_1201                                    56459       497     3355.75       59.44
contig_1101                                    11094        96      648.19       58.43
contig_392                                      3547        30      202.56       57.11
contig_1153                                    13586       112      756.23       55.66
contig_1112                                    18447       147      992.55       53.81
contig_124                                      8331        65      438.88       52.68
contig_1068                                   141480      1097     7406.96       52.35
contig_1119                                    32559       250     1688.00       51.84
contig_484                                      6513        50      337.60       51.83
contig_508                                     32062       244     1647.49       51.38
contig_1117                                    59482       444     2997.89       50.40
contig_823                                      5831        43      290.34       49.79
contig_1075                                    13324        98      661.70       49.66
contig_267                                     46672       341     2302.44       49.33
contig_158                                    177424      1296     8750.61       49.32
contig_802                                      5817        42      283.58       48.75
contig_1109                                    68217       488     3294.98       48.30
contig_634                                     10199        72      486.14       47.67
contig_679                                     16193       114      769.73       47.53
contig_303                                      6976        49      330.85       47.43
contig_326                                     11678        82      553.66       47.41
contig_1090                                    12462        87      587.43       47.14
contig_395                                      5016        35      236.32       47.11
contig_764                                      5329        37      249.82       46.88
contig_85                                      65821       456     3078.92       46.78
contig_831                                     33522       228     1539.46       45.92
contig_715                                      5414        36      243.07       44.90
contig_763                                     17207       114      769.73       44.73
contig_1069                                   165536      1090     7359.69       44.46
contig_1191                                    43105       281     1897.32       44.02
contig_1173                                    34963       227     1532.71       43.84
contig_585                                     19937       129      871.01       43.69
contig_1137                                    12730        82      553.66       43.49
contig_1042                                     9965        64      432.13       43.36
contig_867                                      8440        54      364.61       43.20
contig_1206                                    39875       254     1715.01       43.01
contig_935                                     35955       228     1539.46       42.82
contig_430                                     55626       352     2376.71       42.73
contig_898                                     13439        85      573.92       42.71
contig_816                                     77352       486     3281.48       42.42
contig_1158                                    93617       588     3970.18       42.41
contig_311                                     90753       561     3787.88       41.74
contig_29                                       3610        22      148.54       41.15
contig_378                                     34794       212     1431.43       41.14
contig_383                                     86535       523     3531.30       40.81
contig_152                                     40168       241     1627.23       40.51
contig_1182                                   163312       979     6610.22       40.48
contig_539                                      5193        31      209.31       40.31
contig_1046                                     8563        51      344.35       40.21
contig_1149                                    17156       102      688.71       40.14
contig_302                                      8261        49      330.85       40.05
contig_656                                      6289        37      249.82       39.72
contig_1092                                     9521        56      378.11       39.71
contig_372                                     22459       131      884.51       39.38
contig_1056                                    39146       227     1532.71       39.15
contig_992                                     15367        89      600.93       39.11
contig_910                                     86310       499     3369.25       39.04
contig_1016                                     9216        53      357.86       38.83
contig_1083                                    83659       481     3247.72       38.82
contig_642                                      5591        32      216.06       38.65
contig_541                                      5815        33      222.82       38.32
contig_1156                                    74007       416     2808.84       37.95
contig_928                                      5526        31      209.31       37.88
contig_673                                      5373        30      202.56       37.70
contig_86                                       3416        19      128.29       37.56
contig_510                                      6615        36      243.07       36.75
contig_1007                                     9224        50      337.60       36.60
contig_199                                     13182        71      479.39       36.37
contig_678                                     67559       361     2437.48       36.08
contig_350                                      6551        35      236.32       36.07
contig_1082                                    26822       143      965.54       36.00
contig_1199                                    10880        58      391.62       35.99
contig_417                                     18964       101      681.95       35.96
contig_146                                     52470       279     1883.81       35.90
contig_1198                                    30652       161     1087.07       35.47
contig_394                                     15433        81      546.91       35.44
contig_907                                     21013       110      742.72       35.35
contig_918                                     10234        53      357.86       34.97
contig_116                                      6185        32      216.06       34.93
contig_547                                      8523        44      297.09       34.86
contig_940                                     15327        79      533.41       34.80
contig_188                                     34376       177     1195.11       34.77
contig_534                                     69219       355     2396.96       34.63
contig_598                                     44908       229     1546.21       34.43
contig_1154                                     8641        44      297.09       34.38
contig_1176                                    39508       201     1357.15       34.35
contig_1209                                     9133        46      310.59       34.01
contig_429                                     21468       105      708.96       33.02
contig_672                                      7771        38      256.58       33.02
contig_574                                     12677        62      418.62       33.02
contig_45                                      16679        81      546.91       32.79
contig_7                                       10777        52      351.10       32.58
contig_1047                                    17211        83      560.42       32.56
contig_828                                      4998        24      162.05       32.42
contig_445                                     69867       333     2248.42       32.18
contig_1113                                    14588        69      465.89       31.94
contig_480                                     10374        49      330.85       31.89
contig_1162                                    25404       120      810.24       31.89
contig_1213                                    45006       212     1431.43       31.81
contig_68                                      17071        80      540.16       31.64
contig_836                                      5775        27      182.30       31.57
contig_346                                      9268        43      290.34       31.33
contig_506                                      4755        22      148.54       31.24
contig_151                                     28029       129      871.01       31.08
contig_172                                     25592       117      789.99       30.87
contig_733                                     77975       356     2403.72       30.83
contig_130                                     16665        76      513.15       30.79
contig_316                                     15833        72      486.14       30.70
contig_424                                      7938        36      243.07       30.62
contig_1074                                    60272       270     1823.04       30.25
contig_571                                      4960        22      148.54       29.95
contig_830                                     21350        94      634.69       29.73
contig_772                                      7269        32      216.06       29.72
contig_528                                      5921        26      175.55       29.65
contig_425                                     12331        54      364.61       29.57
contig_478                                      7572        33      222.82       29.43
contig_26                                       8721        38      256.58       29.42
contig_77                                      14022        61      411.87       29.37
contig_277                                     14272        62      418.62       29.33
contig_961                                     66651       289     1951.33       29.28
contig_441                                      5552        24      162.05       29.19
contig_201                                     16263        70      472.64       29.06
contig_1072                                    20732        89      600.93       28.99
contig_434                                     13518        58      391.62       28.97
contig_1195                                    82400       353     2383.46       28.93
contig_719                                      5846        25      168.80       28.87
contig_218                                      7962        34      229.57       28.83
contig_348                                     30727       129      871.01       28.35
contig_283                                      5533        23      155.30       28.07
contig_527                                      4817        20      135.04       28.03
contig_1116                                    86500       358     2417.22       27.94
contig_943                                     37013       153     1033.06       27.91
contig_1107                                     8499        35      236.32       27.81
contig_911                                     29729       121      816.99       27.48
contig_1093                                    10076        41      276.83       27.47
contig_1009                                     4681        19      128.29       27.41
contig_604                                      6415        26      175.55       27.37
contig_561                                      4959        20      135.04       27.23
contig_576                                     10179        41      276.83       27.20
contig_498                                      5467        22      148.54       27.17
contig_947                                     16212        65      438.88       27.07
contig_540                                     10984        44      297.09       27.05
contig_76                                      16777        67      452.38       26.96
contig_471                                     14038        56      378.11       26.93
contig_128                                     17411        69      465.89       26.76
contig_80                                       8370        33      222.82       26.62
contig_1036                                    25765       101      681.95       26.47
contig_433                                     26292       103      695.46       26.45
contig_368                                      9207        36      243.07       26.40
contig_1122                                    16702        65      438.88       26.28
contig_42                                      27275       106      715.71       26.24
contig_493                                      9087        35      236.32       26.01
contig_117                                     16690        64      432.13       25.89
contig_1006                                    16991        65      438.88       25.83
contig_61                                      14433        55      371.36       25.73
contig_106                                     17431        66      445.63       25.57
contig_90                                       8486        32      216.06       25.46
contig_1055                                    33755       126      850.75       25.20
contig_1061                                    24671        92      621.19       25.18
contig_249                                     46559       173     1168.10       25.09
contig_631                                     16002        59      398.37       24.89
contig_121                                      4347        16      108.03       24.85
contig_75                                      33977       125      844.00       24.84
contig_841                                      5190        19      128.29       24.72
contig_899                                     16682        61      411.87       24.69
contig_358                                      5478        20      135.04       24.65
contig_730                                      5215        19      128.29       24.60
contig_143                                      5766        21      141.79       24.59
contig_536                                     29100       106      715.71       24.59
contig_905                                      3855        14       94.53       24.52
contig_343                                      4972        18      121.54       24.44
contig_1186                                    11365        41      276.83       24.36
contig_1110                                    31157       112      756.23       24.27
contig_376                                      5028        18      121.54       24.17
contig_551                                     66750       238     1606.98       24.07
contig_250                                      5331        19      128.29       24.06
contig_468                                      9826        35      236.32       24.05
contig_700                                     33124       118      796.74       24.05
contig_578                                     11265        40      270.08       23.98
contig_903                                     24509        87      587.43       23.97
contig_736                                      3387        12       81.02       23.92
contig_739                                      6228        22      148.54       23.85
contig_880                                      7942        28      189.06       23.80
contig_144                                     12501        44      297.09       23.77
contig_1067                                    32202       113      762.98       23.69
contig_1038                                     8302        29      195.81       23.59
contig_449                                      7165        25      168.80       23.56
contig_25                                      20662        72      486.14       23.53
contig_24                                      12413        43      290.34       23.39
contig_55                                      15911        55      371.36       23.34
contig_155                                      9845        34      229.57       23.32
contig_174                                     12184        42      283.58       23.28
contig_52                                      32471       111      749.47       23.08
contig_565                                      3808        13       87.78       23.05
contig_1059                                    55425       189     1276.13       23.02
contig_73                                      19372        66      445.63       23.00
contig_890                                      5331        18      121.54       22.80
contig_285                                      5929        20      135.04       22.78
contig_20                                      62037       209     1411.17       22.75
contig_354                                      5344        18      121.54       22.74
contig_56                                      12202        41      276.83       22.69
contig_1139                                     6883        23      155.30       22.56
contig_499                                      6590        22      148.54       22.54
contig_287                                      7532        25      168.80       22.41
contig_122                                      7592        25      168.80       22.23
contig_549                                     13382        44      297.09       22.20
contig_1118                                     8889        29      195.81       22.03
contig_716                                      5832        19      128.29       22.00
contig_515                                      5245        17      114.78       21.88
contig_420                                     10503        34      229.57       21.86
contig_310                                      3407        11       74.27       21.80
contig_960                                      5898        19      128.29       21.75
contig_590                                      9337        30      202.56       21.69
contig_593                                     45917       147      992.55       21.62
contig_511                                      3751        12       81.02       21.60
contig_123                                      5947        19      128.29       21.57
contig_666                                     40480       129      871.01       21.52
contig_81                                       9126        29      195.81       21.46
contig_99                                      11705        37      249.82       21.34
contig_827                                      5386        17      114.78       21.31
contig_1175                                    62082       195     1316.64       21.21
contig_674                                      9873        31      209.31       21.20
contig_108                                     11501        36      243.07       21.13
contig_649                                      7350        23      155.30       21.13
contig_364                                     56328       176     1188.35       21.10
contig_858                                     10590        33      222.82       21.04
contig_247                                     15734        49      330.85       21.03
contig_329                                      7089        22      148.54       20.95
contig_842                                      6446        20      135.04       20.95
contig_667                                      7738        24      162.05       20.94
contig_315                                      4860        15      101.28       20.84
contig_1051                                    11338        35      236.32       20.84
contig_262                                     17250        53      357.86       20.75
contig_380                                     10769        33      222.82       20.69
contig_196                                      5548        17      114.78       20.69
contig_28                                      11795        36      243.07       20.61
contig_997                                      7540        23      155.30       20.60
contig_161                                     15867        48      324.10       20.43
contig_88                                      17909        54      364.61       20.36
contig_291                                      8959        27      182.30       20.35
contig_968                                      6648        20      135.04       20.31
contig_950                                      7341        22      148.54       20.23
contig_373                                     13380        40      270.08       20.19
contig_293                                     15760        47      317.34       20.14
contig_156                                     11744        35      236.32       20.12
contig_908                                     17115        51      344.35       20.12
contig_728                                      3693        11       74.27       20.11
contig_142                                     13812        41      276.83       20.04
contig_337                                      7094        21      141.79       19.99
contig_30                                       9461        28      189.06       19.98
contig_295                                      3379        10       67.52       19.98
contig_523                                     17304        51      344.35       19.90
contig_369                                      9307        27      182.30       19.59
contig_72                                      24820        72      486.14       19.59
contig_550                                      5527        16      108.03       19.55
contig_920                                      8002        23      155.30       19.41
contig_891                                      8027        23      155.30       19.35
contig_159                                      5588        16      108.03       19.33
contig_245                                     15111        43      290.34       19.21
contig_885                                     22522        64      432.13       19.19
contig_832                                     11265        32      216.06       19.18
contig_135                                      9524        27      182.30       19.14
contig_244                                     14131        40      270.08       19.11
contig_360                                      5329        15      101.28       19.01
contig_83                                       8878        25      168.80       19.01
contig_126                                      5000        14       94.53       18.91
contig_969                                      9649        27      182.30       18.89
contig_34                                       8966        25      168.80       18.83
contig_1160                                    15800        44      297.09       18.80
contig_504                                      5413        15      101.28       18.71
contig_298                                      7237        20      135.04       18.66
contig_204                                     20443        56      378.11       18.50
contig_762                                     12058        33      222.82       18.48
contig_610                                      8438        23      155.30       18.40
contig_655                                     14317        39      263.33       18.39
contig_563                                     10339        28      189.06       18.29
contig_225                                      8124        22      148.54       18.28
contig_664                                      5171        14       94.53       18.28
contig_882                                      7020        19      128.29       18.27
contig_1045                                     3700        10       67.52       18.25
contig_727                                      8880        24      162.05       18.25
contig_1000                                     3715        10       67.52       18.17
contig_405                                      4852        13       87.78       18.09
contig_84                                      14968        40      270.08       18.04
contig_366                                     17247        46      310.59       18.01
contig_426                                     33201        88      594.18       17.90
contig_770                                      4903        13       87.78       17.90
contig_1143                                    83407       221     1492.19       17.89
contig_215                                     11771        31      209.31       17.78
contig_934                                      9125        24      162.05       17.76
contig_902                                      5333        14       94.53       17.73
contig_328                                     10662        28      189.06       17.73
contig_375                                     21748        57      384.86       17.70
contig_790                                     20998        55      371.36       17.69
contig_1095                                    43267       113      762.98       17.63
contig_187                                     11912        31      209.31       17.57
contig_817                                      7724        20      135.04       17.48
contig_186                                     10543        27      182.30       17.29
contig_6                                        5469        14       94.53       17.28
contig_475                                     17984        46      310.59       17.27
contig_589                                     15273        39      263.33       17.24
contig_33                                      21990        56      378.11       17.19
contig_769                                     11023        28      189.06       17.15
contig_35                                      10655        27      182.30       17.11
contig_640                                      7141        18      121.54       17.02
contig_784                                      7546        19      128.29       17.00
contig_538                                      5167        13       87.78       16.99
contig_879                                      5175        13       87.78       16.96
contig_712                                     23100        58      391.62       16.95
contig_294                                      6789        17      114.78       16.91
contig_844                                      5601        14       94.53       16.88
contig_330                                      6806        17      114.78       16.87
contig_670                                     30829        77      519.90       16.86
contig_853                                      3610         9       60.77       16.83
contig_750                                      3618         9       60.77       16.80
contig_93                                       7665        19      128.29       16.74
contig_109                                      7271        18      121.54       16.72
contig_1086                                    27940        69      465.89       16.67
contig_92                                      22337        55      371.36       16.63
contig_270                                     10162        25      168.80       16.61
contig_729                                      9781        24      162.05       16.57
contig_149                                      8968        22      148.54       16.56
contig_988                                      8968        22      148.54       16.56
contig_543                                     13061        32      216.06       16.54
contig_401                                      5719        14       94.53       16.53
contig_1188                                    15126        37      249.82       16.52
contig_609                                      3270         8       54.02       16.52
contig_466                                     10218        25      168.80       16.52
contig_351                                     13916        34      229.57       16.50
contig_216                                      4104        10       67.52       16.45
contig_345                                     12331        30      202.56       16.43
contig_509                                      3706         9       60.77       16.40
contig_238                                      9475        23      155.30       16.39
contig_1010                                    19789        48      324.10       16.38
contig_22                                      16911        41      276.83       16.37
contig_103                                     17352        42      283.58       16.34
contig_954                                     10752        26      175.55       16.33
contig_2                                        9510        23      155.30       16.33
contig_1108                                    19040        46      310.59       16.31
contig_97                                      11597        28      189.06       16.30
contig_906                                      7484        18      121.54       16.24
contig_767                                      8327        20      135.04       16.22
contig_755                                     25543        61      411.87       16.12
contig_182                                     10074        24      162.05       16.09
contig_274                                      9230        22      148.54       16.09
contig_925                                      3783         9       60.77       16.06
contig_548                                      8461        20      135.04       15.96
contig_457                                      8053        19      128.29       15.93
contig_11                                       6363        15      101.28       15.92
contig_659                                      6405        15      101.28       15.81
contig_228                                     15821        37      249.82       15.79
contig_963                                      5151        12       81.02       15.73
contig_555                                      5161        12       81.02       15.70
contig_252                                      6027        14       94.53       15.68
contig_793                                      8654        20      135.04       15.60
contig_268                                      9121        21      141.79       15.55
contig_881                                     12634        29      195.81       15.50
contig_518                                     13957        32      216.06       15.48
contig_1076                                     7470        17      114.78       15.37
contig_406                                      3954         9       60.77       15.37
contig_566                                      7032        16      108.03       15.36
contig_544                                      7078        16      108.03       15.26
contig_579                                      5312        12       81.02       15.25
contig_110                                     16832        38      256.58       15.24
contig_412                                      5776        13       87.78       15.20
contig_162                                     23117        52      351.10       15.19
contig_177                                     20441        46      310.59       15.19
contig_12                                      15133        34      229.57       15.17
contig_956                                      7580        17      114.78       15.14
contig_230                                      8479        19      128.29       15.13
contig_612                                      4911        11       74.27       15.12
contig_333                                     14785        33      222.82       15.07
contig_448                                     13899        31      209.31       15.06
contig_1106                                     7621        17      114.78       15.06
contig_914                                      9870        22      148.54       15.05
contig_157                                      9433        21      141.79       15.03
contig_266                                      6296        14       94.53       15.01
contig_967                                      3603         8       54.02       14.99
contig_391                                     18475        41      276.83       14.98
contig_690                                      5415        12       81.02       14.96
contig_1023                                     6798        15      101.28       14.90
contig_47                                      24034        53      357.86       14.89
contig_686                                      7257        16      108.03       14.89
contig_797                                      4992        11       74.27       14.88
contig_694                                     13624        30      202.56       14.87
contig_638                                      3632         8       54.02       14.87
contig_477                                      6360        14       94.53       14.86
contig_570                                      5466        12       81.02       14.82
contig_160                                     18703        41      276.83       14.80
contig_253                                      9581        21      141.79       14.80
contig_996                                     32431        71      479.39       14.78
contig_883                                     31198        68      459.14       14.72
contig_211                                     31660        69      465.89       14.72
contig_408                                     10106        22      148.54       14.70
contig_9                                       24364        53      357.86       14.69
contig_725                                     10583        23      155.30       14.67
contig_203                                      8753        19      128.29       14.66
contig_1103                                    18975        41      276.83       14.59
contig_869                                      5555        12       81.02       14.59
contig_939                                      3702         8       54.02       14.59
contig_811                                     18094        39      263.33       14.55
contig_335                                      7903        17      114.78       14.52
contig_95                                       7916        17      114.78       14.50
contig_955                                      3734         8       54.02       14.47
contig_256                                      3737         8       54.02       14.45
contig_1127                                    13084        28      189.06       14.45
contig_353                                     13100        28      189.06       14.43
contig_805                                      6560        14       94.53       14.41
contig_221                                     12224        26      175.55       14.36
contig_1146                                     9925        21      141.79       14.29
contig_257                                      6620        14       94.53       14.28
contig_347                                      7096        15      101.28       14.27
contig_588                                      7122        15      101.28       14.22
contig_702                                     10041        21      141.79       14.12
contig_580                                      7662        16      108.03       14.10
contig_70                                       4789        10       67.52       14.10
contig_952                                     15345        32      216.06       14.08
contig_872                                      4803        10       67.52       14.06
contig_663                                      4826        10       67.52       13.99
contig_71                                       6296        13       87.78       13.94
contig_972                                      9204        19      128.29       13.94
contig_19                                      16492        34      229.57       13.92
contig_120                                      6800        14       94.53       13.90
contig_450                                     12146        25      168.80       13.90
contig_826                                      5348        11       74.27       13.89
contig_137                                      6813        14       94.53       13.87
contig_526                                      8289        17      114.78       13.85
contig_777                                     24433        50      337.60       13.82
contig_868                                     25904        53      357.86       13.81
contig_794                                      4894        10       67.52       13.80
contig_601                                      3918         8       54.02       13.79
contig_438                                      4409         9       60.77       13.78
contig_863                                     16195        33      222.82       13.76
contig_467                                      5405        11       74.27       13.74
contig_788                                      5404        11       74.27       13.74
contig_202                                     28564        58      391.62       13.71
contig_191                                      9417        19      128.29       13.62
contig_1150                                    25358        51      344.35       13.58
contig_586                                      5968        12       81.02       13.58
contig_269                                     15930        32      216.06       13.56
contig_485                                     15434        31      209.31       13.56
contig_977                                     21917        44      297.09       13.56
contig_132                                     10964        22      148.54       13.55
contig_46                                       7977        16      108.03       13.54
contig_658                                      5499        11       74.27       13.51
contig_1136                                    17534        35      236.32       13.48
contig_775                                      7522        15      101.28       13.46
contig_1132                                    19063        38      256.58       13.46
contig_839                                      8537        17      114.78       13.45
contig_507                                      8041        16      108.03       13.44
contig_513                                      8550        17      114.78       13.43
contig_643                                     13592        27      182.30       13.41
contig_723                                      5541        11       74.27       13.40
contig_276                                     11089        22      148.54       13.40
contig_573                                      7079        14       94.53       13.35
contig_134                                     21283        42      283.58       13.32
contig_553                                      4596         9       60.77       13.22
contig_709                                      8692        17      114.78       13.21
contig_178                                      5627        11       74.27       13.20
contig_759                                     15882        31      209.31       13.18
contig_792                                      4101         8       54.02       13.17
contig_237                                      5647        11       74.27       13.15
contig_685                                      5654        11       74.27       13.14
contig_279                                      6700        13       87.78       13.10
contig_255                                      5160        10       67.52       13.09
contig_904                                     22245        43      290.34       13.05
contig_1049                                     3106         6       40.51       13.04
contig_15                                      22811        44      297.09       13.02
contig_567                                     11408        22      148.54       13.02
contig_705                                      8299        16      108.03       13.02
contig_1052                                     7794        15      101.28       12.99
contig_1043                                    21316        41      276.83       12.99
contig_254                                     13002        25      168.80       12.98
contig_1022                                    43195        83      560.42       12.97
contig_627                                      5220        10       67.52       12.93
contig_632                                      9414        18      121.54       12.91
contig_584                                      5238        10       67.52       12.89
contig_605                                     11522        22      148.54       12.89
contig_639                                      9439        18      121.54       12.88
contig_181                                      4720         9       60.77       12.87
contig_533                                      5255        10       67.52       12.85
contig_581                                     41555        79      533.41       12.84
contig_113                                      7904        15      101.28       12.81
contig_937                                      6331        12       81.02       12.80
contig_374                                      5802        11       74.27       12.80
contig_198                                      8975        17      114.78       12.79
contig_140                                      9022        17      114.78       12.72
contig_783                                      5313        10       67.52       12.71
contig_415                                     18103        34      229.57       12.68
contig_619                                      7463        14       94.53       12.67
contig_119                                     10128        19      128.29       12.67
contig_691                                     14388        27      182.30       12.67
contig_208                                     10667        20      135.04       12.66
contig_766                                      8534        16      108.03       12.66
contig_1039                                     3740         7       47.26       12.64
contig_693                                      5350        10       67.52       12.62
contig_537                                      5355        10       67.52       12.61
contig_264                                      4289         8       54.02       12.59
contig_971                                     10745        20      135.04       12.57
contig_58                                       5918        11       74.27       12.55
contig_490                                      6998        13       87.78       12.54
contig_1144                                    21113        39      263.33       12.47
contig_363                                     12998        24      162.05       12.47
contig_948                                      5963        11       74.27       12.46
contig_414                                      7590        14       94.53       12.45
contig_65                                      18478        34      229.57       12.42
contig_1164                                    13055        24      162.05       12.41
contig_384                                      7078        13       87.78       12.40
contig_721                                      4908         9       60.77       12.38
contig_800                                     13156        24      162.05       12.32
contig_889                                      4964         9       60.77       12.24
contig_50                                      13851        25      168.80       12.19
contig_737                                      8880        16      108.03       12.17
contig_535                                     13393        24      162.05       12.10
contig_726                                     22889        41      276.83       12.09
contig_909                                      7267        13       87.78       12.08
contig_815                                      8943        16      108.03       12.08
contig_1157                                    32410        58      391.62       12.08
contig_452                                      7828        14       94.53       12.08
contig_60                                      16221        29      195.81       12.07
contig_94                                      25747        46      310.59       12.06
contig_965                                     13456        24      162.05       12.04
contig_4                                        5069         9       60.77       11.99
contig_313                                     16918        30      202.56       11.97
contig_227                                      7336        13       87.78       11.97
contig_67                                      18628        33      222.82       11.96
contig_57                                       5673        10       67.52       11.90
contig_190                                      7959        14       94.53       11.88
contig_317                                      6826        12       81.02       11.87
contig_265                                      5132         9       60.77       11.84
contig_1031                                     8569        15      101.28       11.82
contig_503                                     23469        41      276.83       11.80
contig_444                                      5723        10       67.52       11.80
contig_407                                      5731        10       67.52       11.78
contig_409                                      9176        16      108.03       11.77
contig_600                                      9779        17      114.78       11.74
contig_648                                      5757        10       67.52       11.73
contig_807                                      5180         9       60.77       11.73
contig_166                                      8649        15      101.28       11.71
contig_37                                      14428        25      168.80       11.70
contig_636                                      4043         7       47.26       11.69
contig_633                                      7515        13       87.78       11.68
contig_606                                     11572        20      135.04       11.67
contig_165                                      9842        17      114.78       11.66
contig_893                                     20853        36      243.07       11.66
contig_1018                                     8704        15      101.28       11.64
contig_273                                      8137        14       94.53       11.62
contig_874                                      6981        12       81.02       11.61
contig_542                                     16880        29      195.81       11.60
contig_200                                     18640        32      216.06       11.59
contig_837                                      9337        16      108.03       11.57
contig_608                                     11101        19      128.29       11.56
contig_711                                      5270         9       60.77       11.53
contig_1131                                    21096        36      243.07       11.52
contig_1020                                     3526         6       40.51       11.49
contig_497                                     19412        33      222.82       11.48
contig_259                                      5885        10       67.52       11.47
contig_396                                     11212        19      128.29       11.44
contig_180                                      8852        15      101.28       11.44
contig_1035                                    29515        50      337.60       11.44
contig_402                                     20073        34      229.57       11.44
contig_236                                     15409        26      175.55       11.39
contig_1181                                    10677        18      121.54       11.38
contig_966                                      7159        12       81.02       11.32
contig_410                                      5372         9       60.77       11.31
contig_819                                      8965        15      101.28       11.30
contig_359                                     16761        28      189.06       11.28
contig_599                                      7780        13       87.78       11.28
contig_1011                                    11977        20      135.04       11.27
contig_304                                      5996        10       67.52       11.26
contig_1034                                     9018        15      101.28       11.23
contig_133                                     17451        29      195.81       11.22
contig_646                                      8443        14       94.53       11.20
contig_251                                     10271        17      114.78       11.18
contig_319                                     10332        17      114.78       11.11
contig_933                                     23748        39      263.33       11.09
contig_575                                      4885         8       54.02       11.06
contig_1159                                    17718        29      195.81       11.05
contig_973                                     11009        18      121.54       11.04
contig_944                                      6120        10       67.52       11.03
contig_18                                      15299        25      168.80       11.03
contig_938                                      4916         8       54.02       10.99
contig_1105                                    28350        46      310.59       10.96
contig_752                                      6792        11       74.27       10.94
contig_991                                     11127        18      121.54       10.92
contig_878                                     34625        56      378.11       10.92
contig_492                                      5573         9       60.77       10.90
contig_1053                                     8674        14       94.53       10.90
contig_362                                     14258        23      155.30       10.89
contig_975                                      9920        16      108.03       10.89
contig_338                                     10578        17      114.78       10.85
contig_98                                       8722        14       94.53       10.84
contig_668                                     10602        17      114.78       10.83
contig_921                                     18092        29      195.81       10.82
contig_514                                      8112        13       87.78       10.82
contig_282                                      9378        15      101.28       10.80
contig_278                                      5641         9       60.77       10.77
contig_460                                     14413        23      155.30       10.77
contig_169                                      6274        10       67.52       10.76
contig_398                                      3146         5       33.76       10.73
contig_978                                      5034         8       54.02       10.73
contig_795                                      8859        14       94.53       10.67
contig_107                                     18981        30      202.56       10.67
contig_288                                      7606        12       81.02       10.65
contig_483                                      5710         9       60.77       10.64
contig_768                                      3817         6       40.51       10.61
contig_292                                     11466        18      121.54       10.60
contig_13                                      14721        23      155.30       10.55
contig_682                                     13444        21      141.79       10.55
contig_591                                      5773         9       60.77       10.53
contig_212                                      5779         9       60.77       10.52
contig_455                                     16703        26      175.55       10.51
contig_422                                      6428        10       67.52       10.50
contig_261                                      5150         8       54.02       10.49
contig_54                                       5169         8       54.02       10.45
contig_404                                      5814         9       60.77       10.45
contig_451                                     12302        19      128.29       10.43
contig_916                                      5186         8       54.02       10.42
contig_235                                     10363        16      108.03       10.42
contig_481                                      9123        14       94.53       10.36
contig_114                                     11751        18      121.54       10.34
contig_757                                      7184        11       74.27       10.34
contig_1099                                    18947        29      195.81       10.33
contig_994                                      7188        11       74.27       10.33
contig_684                                     19684        30      202.56       10.29
contig_325                                      8536        13       87.78       10.28
contig_489                                      5917         9       60.77       10.27
contig_1041                                    21690        33      222.82       10.27
contig_979                                      9867        15      101.28       10.26
contig_164                                     17149        26      175.55       10.24
contig_469                                      5995         9       60.77       10.14
contig_1002                                    11327        17      114.78       10.13
contig_546                                      9355        14       94.53       10.10
contig_488                                     16726        25      168.80       10.09
contig_323                                      4687         7       47.26       10.08
contig_810                                      4701         7       47.26       10.05
contig_232                                      6725        10       67.52       10.04
contig_717                                     12806        19      128.29       10.02
contig_87                                       6109         9       60.77        9.95
contig_41                                      15650        23      155.30        9.92
contig_517                                      8177        12       81.02        9.91
contig_297                                      7503        11       74.27        9.90
contig_210                                      3425         5       33.76        9.86
contig_505                                      9595        14       94.53        9.85
contig_1029                                    13108        19      128.29        9.79
contig_572                                      3447         5       33.76        9.79
contig_923                                      3462         5       33.76        9.75
contig_44                                       9750        14       94.53        9.70
contig_697                                     14649        21      141.79        9.68
contig_213                                     10463        15      101.28        9.68
contig_718                                      8389        12       81.02        9.66
contig_603                                      8397        12       81.02        9.65
contig_397                                      5600         8       54.02        9.65
contig_64                                      17505        25      168.80        9.64
contig_435                                     14765        21      141.79        9.60
contig_522                                      7762        11       74.27        9.57
contig_416                                      7807        11       74.27        9.51
contig_206                                     12159        17      114.78        9.44
contig_931                                      7184        10       67.52        9.40
contig_1026                                     9358        13       87.78        9.38
contig_876                                      6517         9       60.77        9.32
contig_602                                     13797        19      128.29        9.30
contig_1015                                     3633         5       33.76        9.29
contig_111                                      5088         7       47.26        9.29
contig_173                                      8001        11       74.27        9.28
contig_896                                      5125         7       47.26        9.22
contig_866                                      5161         7       47.26        9.16
contig_344                                      6669         9       60.77        9.11
contig_833                                     12652        17      114.78        9.07
contig_260                                      6700         9       60.77        9.07
contig_786                                      5986         8       54.02        9.02
contig_662                                      5283         7       47.26        8.95
contig_699                                     10709        14       94.53        8.83
contig_857                                      3828         5       33.76        8.82
contig_1037                                    14646        19      128.29        8.76
contig_1001                                     5397         7       47.26        8.76
contig_713                                      9276        12       81.02        8.73
contig_446                                      5449         7       47.26        8.67
contig_720                                      5462         7       47.26        8.65
contig_615                                      3930         5       33.76        8.59
contig_1008                                     3157         4       27.01        8.55
contig_698                                      7936        10       67.52        8.51
contig_597                                      5572         7       47.26        8.48
contig_370                                      6421         8       54.02        8.41
contig_379                                     10444        13       87.78        8.40
contig_519                                      6446         8       54.02        8.38
contig_125                                      6446         8       54.02        8.38
contig_300                                      9683        12       81.02        8.37
contig_778                                      5694         7       47.26        8.30
contig_5                                       14655        18      121.54        8.29
contig_340                                     12253        15      101.28        8.27
contig_779                                      5725         7       47.26        8.26
contig_305                                      4963         6       40.51        8.16
contig_981                                      5831         7       47.26        8.11
contig_970                                      5882         7       47.26        8.04
contig_421                                      6733         8       54.02        8.02
contig_722                                      3368         4       27.01        8.02
contig_706                                      9270        11       74.27        8.01
contig_930                                      5077         6       40.51        7.98
contig_1081                                    22855        27      182.30        7.98
contig_271                                      6783         8       54.02        7.96
contig_327                                      4242         5       33.76        7.96
contig_912                                      6053         7       47.26        7.81
contig_974                                      6048         7       47.26        7.81
contig_321                                      5260         6       40.51        7.70
contig_847                                      3518         4       27.01        7.68
contig_1014                                     5284         6       40.51        7.67
contig_1033                                     8923        10       67.52        7.57
contig_864                                      5364         6       40.51        7.55
contig_38                                       9019        10       67.52        7.49
contig_36                                       4589         5       33.76        7.36
contig_630                                      8289         9       60.77        7.33
contig_748                                      3691         4       27.01        7.32
contig_624                                     14777        16      108.03        7.31
contig_1054                                     3708         4       27.01        7.28
contig_922                                      5569         6       40.51        7.27
contig_929                                      5637         6       40.51        7.19
contig_239                                      6748         7       47.26        7.00
contig_447                                      3857         4       27.01        7.00
contig_838                                      6138         6       40.51        6.60
contig_871                                      8428         8       54.02        6.41
contig_280                                      5285         5       33.76        6.39
contig_1004                                     5290         5       33.76        6.38
contig_27                                       9659         9       60.77        6.29
contig_854                                      6539         6       40.51        6.20
contig_901                                      5500         5       33.76        6.14
contig_840                                      3452         3       20.26        5.87
contig_382                                      4660         4       27.01        5.80
contig_635                                      4724         4       27.01        5.72
contig_695                                      3623         3       20.26        5.59
contig_431                                      7434         6       40.51        5.45
contig_808                                      3810         3       20.26        5.32
contig_1024                                     5086         4       27.01        5.31
contig_813                                      3971         3       20.26        5.10
contig_865                                      4004         3       20.26        5.06
