Contig_ID	Length(bp)	Mapped_Reads	RPM	RPKM
contig_1	3588	10	60.6748	16.9105
contig_10	6363	15	91.0122	14.3034
contig_100	6260	91	552.1409	88.2014
contig_1000	5397	8	48.5399	8.9939
contig_1001	3711	16	97.0797	26.1600
contig_1002	11327	19	115.2822	10.1776
contig_1003	7356	21	127.4171	17.3215
contig_1004	5290	5	30.3374	5.7349
contig_1005	5030	6	36.4049	7.2376
contig_1006	16958	74	448.9937	26.4768
contig_1007	9219	65	394.3864	42.7797
contig_1008	3157	4	24.2699	7.6877
contig_1009	4684	20	121.3497	25.9073
contig_101	18459	56	339.7790	18.4072
contig_1010	19789	48	291.2392	14.7172
contig_1011	11977	20	121.3497	10.1319
contig_1012	3523	3	18.2024	5.1667
contig_1013	8125	9	54.6073	6.7209
contig_1014	3633	7	42.4724	11.6907
contig_1015	5284	6	36.4049	6.8896
contig_1016	9233	66	400.4538	43.3720
contig_1017	7919	15	91.0122	11.4929
contig_1018	8704	16	97.0797	11.1535
contig_1019	4912	7	42.4724	8.6467
contig_102	3392	5	30.3374	8.9438
contig_1020	5950	50	303.3741	50.9872
contig_1021	3526	6	36.4049	10.3247
contig_1022	43194	85	515.7360	11.9400
contig_1023	6797	15	91.0122	13.3901
contig_1024	5086	4	24.2699	4.7719
contig_1025	13142	3105	18839.5333	1433.5362
contig_1026	5618	10	60.6748	10.8001
contig_1027	9358	17	103.1472	11.0224
contig_1028	4122	14	84.9448	20.6077
contig_1029	13108	19	115.2822	8.7948
contig_103	17352	43	260.9017	15.0358
contig_1030	9865	44	266.9692	27.0623
contig_1031	8569	17	103.1472	12.0373
contig_1032	7811	61	370.1164	47.3840
contig_1033	8923	10	60.6748	6.7998
contig_1034	9018	17	103.1472	11.4379
contig_1035	25754	104	631.0182	24.5018
contig_1036	29515	50	303.3741	10.2786
contig_1037	14646	20	121.3497	8.2855
contig_1038	3730	13	78.8773	21.1467
contig_1039	8302	32	194.1594	23.3871
contig_104	17441	68	412.5888	23.6563
contig_1040	3681	17	103.1472	28.0215
contig_1041	21690	34	206.2944	9.5110
contig_1042	9965	76	461.1287	46.2748
contig_1043	21316	41	248.7668	11.6704
contig_1044	13263	2021	12262.3822	924.5557
contig_1045	3700	9	54.6073	14.7587
contig_1046	17211	94	570.3434	33.1383
contig_1047	8592	61	370.1164	43.0769
contig_1048	3980	5	30.3374	7.6225
contig_1049	3106	10	60.6748	19.5347
contig_105	11740	14	84.9448	7.2355
contig_1050	4127	6	36.4049	8.8212
contig_1051	11336	46	279.1042	24.6210
contig_1052	7794	16	97.0797	12.4557
contig_1053	8674	14	84.9448	9.7930
contig_1054	3708	4	24.2699	6.5453
contig_1055	9508	32	194.1594	20.4206
contig_1056	33755	133	806.9752	23.9068
contig_1057	39139	265	1607.8829	41.0813
contig_1058	21802	123	746.3004	34.2308
contig_1059	27117	960	5824.7832	214.8019
contig_106	18981	30	182.0245	9.5898
contig_1060	54109	3172	19246.0546	355.6905
contig_1061	55425	198	1201.3615	21.6754
contig_1062	27417	875	5309.0472	193.6407
contig_1063	24674	126	764.5028	30.9841
contig_1064	11919	294	1783.8399	149.6636
contig_1065	157845	2144	13008.6826	82.4143
contig_1066	7546	344	2087.2140	276.5987
contig_1067	83876	1949	11825.5235	140.9882
contig_1068	32214	114	691.6930	21.4718
contig_1069	141480	1104	6698.5007	47.3459
contig_107	11507	55	333.7115	29.0007
contig_1070	165536	1119	6789.5130	41.0153
contig_1071	47015	1316	7984.8070	169.8353
contig_1072	10358	376	2281.3734	220.2523
contig_1073	17371	263	1595.7479	91.8628
contig_1074	20724	96	582.4783	28.1065
contig_1075	60272	285	1729.2325	28.6905
contig_1076	13319	93	564.2759	42.3662
contig_1077	7470	23	139.5521	18.6817
contig_1078	23712	374	2269.2385	95.7000
contig_1079	55790	1668	10120.5609	181.4046
contig_108	5414	12	72.8098	13.4484
contig_1080	36348	102	618.8832	17.0266
contig_1081	83659	492	2985.2014	35.6830
contig_1082	12016	688	4174.4280	347.4058
contig_1083	26813	142	861.5825	32.1330
contig_1084	22855	29	175.9570	7.6988
contig_1085	22243	824	4999.6056	224.7721
contig_1086	39632	1032	6261.6420	157.9946
contig_1087	21683	860	5218.0350	240.6510
contig_1088	27941	79	479.3311	17.1551
contig_1089	28243	565	3428.1276	121.3797
contig_109	7271	21	127.4171	17.5240
contig_1090	11326	799	4847.9186	428.0345
contig_1091	78866	1102	6686.3658	84.7813
contig_1092	12462	114	691.6930	55.5042
contig_1093	162968	6884	41768.5498	256.2991
contig_1094	9521	76	461.1287	48.4328
contig_1095	10072	45	273.0367	27.1085
contig_1096	6939	211	1280.2388	184.4990
contig_1097	43266	117	709.8955	16.4077
contig_1098	63744	781	4738.7039	74.3396
contig_1099	20508	561	3403.8577	165.9771
contig_11	15133	45	273.0367	18.0425
contig_110	5088	7	42.4724	8.3476
contig_1100	47229	522	3167.2259	67.0610
contig_1101	26049	3347	20307.8641	779.6024
contig_1102	11094	129	782.7052	70.5521
contig_1103	19278	811	4920.7283	255.2510
contig_1104	18975	43	260.9017	13.7498
contig_1105	122332	3787	22977.5564	187.8295
contig_1106	28350	50	303.3741	10.7010
contig_1107	7621	20	121.3497	15.9231
contig_1108	8528	30	182.0245	21.3443
contig_1109	19040	46	279.1042	14.6588
contig_111	16807	34	206.2944	12.2743
contig_1110	68217	517	3136.8885	45.9840
contig_1111	31157	114	691.6930	22.2002
contig_1112	13014	863	5236.2374	402.3542
contig_1113	18447	177	1073.9444	58.2178
contig_1114	14595	82	497.5336	34.0893
contig_1115	9346	18	109.2147	11.6857
contig_1116	10494	486	2948.7965	280.9983
contig_1117	86500	364	2208.5636	25.5325
contig_1118	59482	466	2827.4469	47.5345
contig_1119	49778	643	3901.3913	78.3758
contig_112	7904	15	91.0122	11.5147
contig_1120	8889	55	333.7115	37.5421
contig_1121	32559	276	1674.6252	51.4336
contig_1122	7751	34	206.2944	26.6152
contig_1123	16429	645	3913.5262	238.2084
contig_1124	16702	81	491.4661	29.4256
contig_1125	41804	1445	8767.5123	209.7290
contig_1126	47303	2050	12438.3392	262.9503
contig_1127	18820	1087	6595.3535	350.4439
contig_1128	13084	29	175.9570	13.4483
contig_1129	32620	431	2615.0850	80.1681
contig_113	11751	19	115.2822	9.8104
contig_1130	18798	265	1607.8829	85.5348
contig_1131	34511	1093	6631.7584	192.1636
contig_1132	21110	36	218.4294	10.3472
contig_1133	7541	618	3749.7042	497.2423
contig_1134	19063	38	230.5643	12.0949
contig_1135	38154	2507	15211.1787	398.6785
contig_1136	31418	649	3937.7962	125.3357
contig_1137	7655	2755	16715.9144	2183.6596
contig_1138	17534	39	236.6318	13.4956
contig_1139	12730	98	594.6133	46.7096
contig_114	7301	37	224.4969	30.7488
contig_1140	37657	841	5102.7528	135.5061
contig_1141	12356	472	2863.8518	231.7782
contig_1142	6883	33	200.2269	29.0901
contig_1143	18134	1973	11971.1431	660.1491
contig_1144	83833	1034	6273.7769	74.8366
contig_1145	83407	227	1377.3185	16.5132
contig_1146	12271	1549	9398.5305	765.9140
contig_1147	7063	2486	15083.7616	2135.6027
contig_1148	21115	47	285.1717	13.5056
contig_1149	9925	21	127.4171	12.8380
contig_115	16689	69	418.6563	25.0858
contig_1150	21575	2177	13208.9095	612.2322
contig_1151	53599	1296	7863.4574	146.7090
contig_1152	25358	51	309.4416	12.2029
contig_1153	17156	119	722.0304	42.0862
contig_1154	13586	136	825.1776	60.7373
contig_1155	32160	727	4411.0598	137.1598
contig_1156	8641	57	345.8465	40.0239
contig_1157	7217	253	1535.0731	212.7024
contig_1158	74007	436	2645.4224	35.7456
contig_1159	32410	58	351.9140	10.8582
contig_116	6183	36	218.4294	35.3274
contig_1160	93617	598	3628.3546	38.7574
contig_1161	17718	29	175.9570	9.9310
contig_1162	15771	45	273.0367	17.3126
contig_1163	11300	2364	14343.5287	1269.3388
contig_1164	25390	131	794.8402	31.3052
contig_1165	21982	1057	6413.3290	291.7537
contig_1166	13055	24	145.6196	11.1543
contig_1167	50236	1318	7996.9420	159.1875
contig_1168	26802	1787	10842.5913	404.5441
contig_1169	28523	279	1692.8276	59.3496
contig_117	1755	27	163.8220	93.3459
contig_1170	10498	169	1025.4045	97.6762
contig_1171	7286	1279	7760.3102	1065.0988
contig_1172	8637	427	2590.8150	299.9670
contig_1173	18155	239	1450.1283	79.8749
contig_1174	34963	247	1498.6682	42.8644
contig_1175	11550	230	1395.5210	120.8243
contig_1176	39508	203	1231.6990	31.1759
contig_1177	62082	196	1189.2266	19.1557
contig_1178	18521	1227	7444.8011	401.9654
contig_1179	19428	1891	11473.6095	590.5708
contig_118	10128	23	139.5521	13.7788
contig_1180	9691	199	1207.4290	124.5928
contig_1181	14716	353	2141.8213	145.5437
contig_1182	10677	18	109.2147	10.2290
contig_1183	30458	1293	7845.2549	257.5762
contig_1184	15228	30	182.0245	11.9533
contig_1185	163312	1002	6079.6175	37.2270
contig_1186	91080	3695	22419.3480	246.1501
contig_1187	11365	48	291.2392	25.6260
contig_1188	71359	5446	33043.5099	463.0602
contig_1189	15131	48	291.2392	19.2478
contig_119	6800	16	97.0797	14.2764
contig_1190	202410	3979	24142.5130	119.2753
contig_1191	8038	18	109.2147	13.5873
contig_1192	43105	302	1832.3797	42.5097
contig_1193	18148	206	1249.9014	68.8727
contig_1194	6447	1752	10630.2294	1648.8645
contig_1195	10521	388	2354.1832	223.7604
contig_1196	82377	399	2420.9255	29.3884
contig_1197	23642	680	4125.8881	174.5152
contig_1198	8304	261	1583.6129	190.7048
contig_1199	30652	183	1110.3493	36.2244
contig_12	14721	23	139.5521	9.4798
contig_120	4347	20	121.3497	27.9157
contig_1200	10881	65	394.3864	36.2454
contig_1201	29327	392	2378.4532	81.1011
contig_1202	104248	1110	6734.9056	64.6047
contig_1203	56459	521	3161.1584	55.9903
contig_1204	46238	573	3476.6675	75.1907
contig_1205	53682	697	4229.0353	78.7794
contig_1206	6863	541	3282.5081	478.2906
contig_1207	39870	299	1814.1773	45.5023
contig_1208	40334	495	3003.4039	74.4633
contig_1209	9133	61	370.1164	40.5252
contig_121	7592	26	157.7545	20.7790
contig_1210	15154	83	503.6011	33.2322
contig_1211	261217	4914	29815.6092	114.1412
contig_1212	6167	1043	6328.3843	1026.1690
contig_1213	45006	222	1346.9811	29.9289
contig_122	5947	19	115.2822	19.3849
contig_123	8307	55	333.7115	40.1723
contig_124	6446	8	48.5399	7.5302
contig_125	5003	20	121.3497	24.2554
contig_126	7387	13	78.8773	10.6778
contig_127	16641	85	515.7360	30.9919
contig_128	17411	72	436.8587	25.0910
contig_129	10164	12	72.8098	7.1635
contig_13	4289	4	24.2699	5.6586
contig_130	5015	76	461.1287	91.9499
contig_131	10964	22	133.4846	12.1748
contig_132	17445	33	200.2269	11.4776
contig_133	21283	42	254.8343	11.9736
contig_134	5315	59	357.9815	67.3531
contig_135	9524	34	206.2944	21.6605
contig_136	6813	15	91.0122	13.3586
contig_137	6158	7	42.4724	6.8971
contig_138	52459	302	1832.3797	34.9297
contig_139	3242	171	1037.5395	320.0307
contig_14	22809	46	279.1042	12.2366
contig_140	9022	17	103.1472	11.4329
contig_141	10323	18	109.2147	10.5797
contig_142	13812	44	266.9692	19.3288
contig_143	11499	23	139.5521	12.1360
contig_144	12502	58	351.9140	28.1486
contig_145	5771	23	139.5521	24.1816
contig_146	5374	5	30.3374	5.6452
contig_147	7204	12	72.8098	10.1069
contig_148	8968	25	151.6871	16.9143
contig_149	28076	133	806.9752	28.7425
contig_15	13199	38	230.5643	17.4683
contig_150	13263	53	321.5766	24.2461
contig_151	40168	254	1541.1406	38.3674
contig_152	5511	14	84.9448	15.4137
contig_153	7918	28	169.8895	21.4561
contig_154	9845	34	206.2944	20.9542
contig_155	11716	35	212.3619	18.1258
contig_156	9433	21	127.4171	13.5076
contig_157	177424	1336	8106.1567	45.6881
contig_158	5588	20	121.3497	21.7161
contig_159	18703	42	254.8343	13.6253
contig_16	3287	12	72.8098	22.1508
contig_160	15867	51	309.4416	19.5022
contig_161	23117	58	351.9140	15.2232
contig_162	12931	55	333.7115	25.8071
contig_163	17149	26	157.7545	9.1991
contig_164	9842	17	103.1472	10.4803
contig_165	8649	15	91.0122	10.5229
contig_166	7873	57	345.8465	43.9282
contig_167	3762	12	72.8098	19.3540
contig_168	6274	10	60.6748	9.6708
contig_169	3861	16	97.0797	25.1437
contig_17	15299	25	151.6871	9.9148
contig_170	10114	13	78.8773	7.7988
contig_171	8001	11	66.7423	8.3417
contig_172	12167	62	376.1839	30.9184
contig_173	12960	35	212.3619	16.3859
contig_174	5141	11	66.7423	12.9824
contig_175	20441	46	279.1042	13.6541
contig_176	9881	29	175.9570	17.8076
contig_177	5627	14	84.9448	15.0959
contig_178	25592	120	728.0979	28.4502
contig_179	8852	15	91.0122	10.2815
contig_18	16492	34	206.2944	12.5088
contig_180	4720	9	54.6073	11.5694
contig_181	10074	27	163.8220	16.2619
contig_182	8451	24	145.6196	17.2310
contig_183	11987	18	109.2147	9.1111
contig_184	5618	13	78.8773	14.0401
contig_185	7428	23	139.5521	18.7873
contig_186	10543	30	182.0245	17.2650
contig_187	11912	31	188.0920	15.7901
contig_188	6730	11	66.7423	9.9171
contig_189	7959	14	84.9448	10.6728
contig_19	5509	23	139.5521	25.3317
contig_190	4232	5	30.3374	7.1686
contig_191	9417	19	115.2822	12.2419
contig_192	5587	19	115.2822	20.6340
contig_193	5352	35	212.3619	39.6790
contig_194	18640	32	194.1594	10.4163
contig_195	5548	24	145.6196	26.2472
contig_196	5436	7	42.4724	7.8132
contig_197	13184	77	467.1962	35.4366
contig_198	12498	25	151.6871	12.1369
contig_199	8916	18	109.2147	12.2493
contig_2	7552	11	66.7423	8.8377
contig_20	62035	217	1316.6437	21.2242
contig_200	16263	73	442.9262	27.2352
contig_201	28564	58	351.9140	12.3202
contig_202	8753	19	115.2822	13.1706
contig_203	20479	57	345.8465	16.8879
contig_204	4856	29	175.9570	36.2350
contig_205	12159	17	103.1472	8.4832
contig_206	34379	195	1183.1591	34.4152
contig_207	4904	12	72.8098	14.8470
contig_208	10667	22	133.4846	12.5138
contig_209	9634	24	145.6196	15.1152
contig_21	16911	41	248.7668	14.7104
contig_210	31660	69	418.6563	13.2235
contig_211	3425	5	30.3374	8.8576
contig_212	5779	9	54.6073	9.4493
contig_213	10463	19	115.2822	11.0181
contig_214	6997	13	78.8773	11.2730
contig_215	11771	33	200.2269	17.0102
contig_216	14062	44	266.9692	18.9852
contig_217	4104	14	84.9448	20.6980
contig_218	7955	30	182.0245	22.8818
contig_219	3990	7	42.4724	10.6447
contig_22	5463	7	42.4724	7.7746
contig_220	4995	8	48.5399	9.7177
contig_221	12224	26	157.7545	12.9053
contig_222	3566	7	42.4724	11.9104
contig_223	3903	5	30.3374	7.7728
contig_224	5948	11	66.7423	11.2210
contig_225	8124	25	151.6871	18.6715
contig_226	5578	79	479.3311	85.9324
contig_227	7336	14	84.9448	11.5792
contig_228	15821	37	224.4969	14.1898
contig_229	5278	6	36.4049	6.8975
contig_23	12391	44	266.9692	21.5454
contig_230	11380	17	103.1472	9.0639
contig_231	8479	19	115.2822	13.5962
contig_232	7013	11	66.7423	9.5169
contig_233	6725	10	60.6748	9.0223
contig_234	3411	8	48.5399	14.2304
contig_235	7265	42	254.8343	35.0770
contig_236	10363	19	115.2822	11.1244
contig_237	15409	27	163.8220	10.6316
contig_238	5647	11	66.7423	11.8191
contig_239	9477	22	133.4846	14.0851
contig_24	8720	30	182.0245	20.8744
contig_240	6748	11	66.7423	9.8907
contig_241	12857	19	115.2822	8.9665
contig_242	5205	11	66.7423	12.8227
contig_243	14153	17	103.1472	7.2880
contig_244	7272	19	115.2822	15.8529
contig_245	14127	51	309.4416	21.9043
contig_246	15109	44	266.9692	17.6696
contig_247	5550	11	66.7423	12.0256
contig_248	46559	179	1086.0794	23.3269
contig_249	8385	54	327.6441	39.0750
contig_25	20646	84	509.6685	24.6861
contig_250	15734	52	315.5091	20.0527
contig_251	5331	22	133.4846	25.0393
contig_252	10272	21	127.4171	12.4043
contig_253	6027	17	103.1472	17.1142
contig_254	9581	22	133.4846	13.9322
contig_255	13002	26	157.7545	12.1331
contig_256	5160	10	60.6748	11.7587
contig_257	3737	8	48.5399	12.9890
contig_258	6620	15	91.0122	13.7481
contig_259	6022	1122	6807.7154	1130.4742
contig_26	9659	9	54.6073	5.6535
contig_260	5885	10	60.6748	10.3101
contig_261	6699	9	54.6073	8.1516
contig_262	5150	8	48.5399	9.4252
contig_263	17248	60	364.0490	21.1067
contig_264	4289	8	48.5399	11.3173
contig_265	5412	21	127.4171	23.5434
contig_266	5132	9	54.6073	10.6406
contig_267	6230	16	97.0797	15.5826
contig_268	9121	22	133.4846	14.6349
contig_269	46672	397	2408.7906	51.6110
contig_27	11783	40	242.6993	20.5974
contig_270	15930	32	194.1594	12.1883
contig_271	6783	8	48.5399	7.1561
contig_272	8707	26	157.7545	18.1181
contig_273	8137	21	127.4171	15.6590
contig_274	10161	26	157.7545	15.5255
contig_275	9230	46	279.1042	30.2388
contig_276	11089	25	151.6871	13.6791
contig_277	4992	63	382.2514	76.5728
contig_278	14272	70	424.7238	29.7592
contig_279	5285	5	30.3374	5.7403
contig_28	3610	22	133.4846	36.9763
contig_280	5641	10	60.6748	10.7560
contig_281	6693	14	84.9448	12.6916
contig_282	9396	44	266.9692	28.4131
contig_283	9378	15	91.0122	9.7049
contig_284	12738	31	188.0920	14.7662
contig_285	5929	21	127.4171	21.4905
contig_286	5533	26	157.7545	28.5116
contig_287	5408	15	91.0122	16.8292
contig_288	7613	21	127.4171	16.7368
contig_289	7532	26	157.7545	20.9446
contig_29	9445	29	175.9570	18.6296
contig_290	10373	30	182.0245	17.5479
contig_291	3281	7	42.4724	12.9449
contig_292	8958	30	182.0245	20.3198
contig_293	15760	47	285.1717	18.0946
contig_294	11466	25	151.6871	13.2293
contig_295	6789	18	109.2147	16.0870
contig_296	3379	10	60.6748	17.9564
contig_297	8970	21	127.4171	14.2048
contig_298	7503	12	72.8098	9.7041
contig_299	7237	20	121.3497	16.7679
contig_3	5069	9	54.6073	10.7728
contig_30	14043	22	133.4846	9.5054
contig_300	3584	8	48.5399	13.5435
contig_301	9683	12	72.8098	7.5193
contig_302	7621	18	109.2147	14.3308
contig_303	8254	52	315.5091	38.2250
contig_304	6981	52	315.5091	45.1954
contig_305	5996	10	60.6748	10.1192
contig_306	4963	6	36.4049	7.3353
contig_307	3388	11	66.7423	19.6996
contig_308	6005	9	54.6073	9.0936
contig_309	6382	15	91.0122	14.2608
contig_31	3544	19	115.2822	32.5288
contig_310	4159	38	230.5643	55.4374
contig_311	3407	11	66.7423	19.5898
contig_312	90753	568	3446.3301	37.9748
contig_313	11759	19	115.2822	9.8037
contig_314	16918	30	182.0245	10.7592
contig_315	8031	18	109.2147	13.5991
contig_316	15782	60	364.0490	23.0674
contig_317	4860	15	91.0122	18.7268
contig_318	6826	17	103.1472	15.1109
contig_319	6908	25	151.6871	21.9582
contig_32	21981	72	436.8587	19.8744
contig_320	10332	18	109.2147	10.5705
contig_321	5260	6	36.4049	6.9211
contig_322	4687	7	42.4724	9.0617
contig_323	6630	12	72.8098	10.9819
contig_324	6265	13	78.8773	12.5901
contig_325	8536	13	78.8773	9.2405
contig_326	20177	54	327.6441	16.2385
contig_327	11661	68	412.5888	35.3819
contig_328	10662	38	230.5643	21.6249
contig_329	4242	5	30.3374	7.1517
contig_33	8966	26	157.7545	17.5948
contig_330	7089	22	133.4846	18.8298
contig_331	6807	18	109.2147	16.0445
contig_332	7415	9	54.6073	7.3644
contig_333	14785	33	200.2269	13.5426
contig_334	4959	112	679.5580	137.0353
contig_335	10035	173	1049.6745	104.6013
contig_336	7903	17	103.1472	13.0517
contig_337	8803	18	109.2147	12.4065
contig_338	7094	21	127.4171	17.9613
contig_339	10578	22	133.4846	12.6191
contig_34	10655	27	163.8220	15.3751
contig_340	5130	9	54.6073	10.6447
contig_341	12253	15	91.0122	7.4278
contig_342	9222	22	133.4846	14.4746
contig_343	7727	16	97.0797	12.5637
contig_344	4972	18	109.2147	21.9659
contig_345	6669	9	54.6073	8.1882
contig_346	12331	34	206.2944	16.7297
contig_347	9268	47	285.1717	30.7695
contig_348	7096	17	103.1472	14.5360
contig_349	4328	11	66.7423	15.4211
contig_35	4589	5	30.3374	6.6109
contig_350	6551	48	291.2392	44.4572
contig_351	13916	38	230.5643	16.5683
contig_352	7207	16	97.0797	13.4702
contig_353	30727	130	788.7727	25.6703
contig_354	13100	28	169.8895	12.9687
contig_355	5342	18	109.2147	20.4445
contig_356	9033	31	188.0920	20.8228
contig_357	5125	8	48.5399	9.4712
contig_358	16761	28	169.8895	10.1360
contig_359	5150	25	151.6871	29.4538
contig_36	14428	25	151.6871	10.5134
contig_360	5478	19	115.2822	21.0446
contig_361	14258	23	139.5521	9.7876
contig_362	5329	15	91.0122	17.0787
contig_363	3598	6	36.4049	10.1181
contig_364	56328	188	1140.6867	20.2508
contig_365	12998	24	145.6196	11.2032
contig_366	5425	9	54.6073	10.0659
contig_367	17254	50	303.3741	17.5828
contig_368	5578	10	60.6748	10.8775
contig_369	9205	40	242.6993	26.3660
contig_37	9019	10	60.6748	6.7274
contig_370	9211	30	182.0245	19.7616
contig_371	6421	8	48.5399	7.5595
contig_372	22427	153	928.3248	41.3932
contig_373	5599	19	115.2822	20.5898
contig_374	13380	44	266.9692	19.9529
contig_375	5802	11	66.7423	11.5033
contig_376	21728	67	406.5213	18.7096
contig_377	34794	219	1328.7787	38.1899
contig_378	5028	19	115.2822	22.9280
contig_379	3877	8	48.5399	12.5200
contig_38	12771	50	303.3741	23.7549
contig_380	86469	530	3215.7657	37.1898
contig_381	10444	13	78.8773	7.5524
contig_382	10760	33	200.2269	18.6085
contig_383	6482	9	54.6073	8.4245
contig_384	4660	4	24.2699	5.2081
contig_385	7078	21	127.4171	18.0019
contig_386	3978	7	42.4724	10.6768
contig_387	8686	24	145.6196	16.7649
contig_388	4813	9	54.6073	11.3458
contig_389	6244	25	151.6871	24.2933
contig_39	15650	23	139.5521	8.9171
contig_390	7205	15	91.0122	12.6318
contig_391	18475	47	285.1717	15.4355
contig_392	3547	24	145.6196	41.0543
contig_393	6183	6	36.4049	5.8879
contig_394	10511	18	109.2147	10.3905
contig_395	15424	92	558.2084	36.1909
contig_396	5008	40	242.6993	48.4623
contig_397	11212	19	115.2822	10.2820
contig_398	5600	10	60.6748	10.8348
contig_399	3146	7	42.4724	13.5004
contig_4	14655	18	109.2147	7.4524
contig_40	11481	33	200.2269	17.4399
contig_400	9102	23	139.5521	15.3320
contig_401	3195	6	36.4049	11.3943
contig_402	5719	16	97.0797	16.9749
contig_403	20073	37	224.4969	11.1840
contig_404	10420	72	436.8587	41.9250
contig_405	5814	9	54.6073	9.3924
contig_406	4850	12	72.8098	15.0123
contig_407	3954	9	54.6073	13.8107
contig_408	5731	10	60.6748	10.5871
contig_409	10106	26	157.7545	15.6100
contig_41	27275	110	667.4231	24.4701
contig_410	5372	9	54.6073	10.1652
contig_411	5592	7	42.4724	7.5952
contig_412	9176	17	103.1472	11.2410
contig_413	5776	14	84.9448	14.7065
contig_414	9966	46	279.1042	28.0056
contig_415	7590	14	84.9448	11.1917
contig_416	18103	42	254.8343	14.0769
contig_417	18949	114	691.6930	36.5029
contig_418	7807	11	66.7423	8.5490
contig_419	33201	92	558.2084	16.8130
contig_42	4979	16	97.0797	19.4978
contig_420	8358	30	182.0245	21.7785
contig_421	10503	43	260.9017	24.8407
contig_422	55626	355	2153.9563	38.7221
contig_423	6733	8	48.5399	7.2092
contig_424	6428	11	66.7423	10.3831
contig_425	3475	4	24.2699	6.9842
contig_426	7738	38	230.5643	29.7964
contig_427	7915	21	127.4171	16.0982
contig_428	12314	59	357.9815	29.0711
contig_429	5172	17	103.1472	19.9434
contig_43	9750	14	84.9448	8.7123
contig_430	21464	116	703.8280	32.7911
contig_431	5714	5	30.3374	5.3093
contig_432	7434	6	36.4049	4.8971
contig_433	10214	111	673.4906	65.9380
contig_434	13508	66	400.4538	29.6457
contig_435	14765	21	127.4171	8.6297
contig_436	3366	5	30.3374	9.0129
contig_437	9187	17	103.1472	11.2275
contig_438	4409	9	54.6073	12.3854
contig_439	26292	106	643.1531	24.4619
contig_44	7977	16	97.0797	12.1700
contig_440	5038	24	145.6196	28.9042
contig_441	3728	8	48.5399	13.0203
contig_442	5562	24	145.6196	26.1812
contig_443	3677	16	97.0797	26.4019
contig_444	3319	31	188.0920	56.6713
contig_445	5693	21	127.4171	22.3814
contig_446	69867	338	2050.8091	29.3530
contig_447	5449	7	42.4724	7.7945
contig_448	3857	4	24.2699	6.2924
contig_449	13899	36	218.4294	15.7155
contig_45	16703	83	503.6011	30.1503
contig_450	7189	30	182.0245	25.3199
contig_451	12146	26	157.7545	12.9882
contig_452	12302	21	127.4171	10.3574
contig_453	7828	16	97.0797	12.4016
contig_454	9985	20	121.3497	12.1532
contig_455	3744	8	48.5399	12.9647
contig_456	5637	20	121.3497	21.5273
contig_457	16703	27	163.8220	9.8079
contig_458	8053	19	115.2822	14.3154
contig_459	5261	32	194.1594	36.9054
contig_46	24034	62	376.1839	15.6522
contig_460	3694	11	66.7423	18.0678
contig_461	14413	27	163.8220	11.3663
contig_462	4583	16	97.0797	21.1826
contig_463	10218	26	157.7545	15.4389
contig_464	7103	19	115.2822	16.2301
contig_465	7314	12	72.8098	9.9549
contig_466	13385	25	151.6871	11.3326
contig_467	5833	14	84.9448	14.5628
contig_468	5405	11	66.7423	12.3483
contig_469	9797	34	206.2944	21.0569
contig_47	4233	11	66.7423	15.7671
contig_470	5995	9	54.6073	9.1088
contig_472	14038	87	527.8710	37.6030
contig_473	5256	14	84.9448	16.1615
contig_474	5780	20	121.3497	20.9947
contig_475	18615	152	922.2573	49.5438
contig_476	7394	30	182.0245	24.6179
contig_477	17984	51	309.4416	17.2065
contig_478	6361	14	84.9448	13.3540
contig_479	7737	41	248.7668	32.1529
contig_48	6626	12	72.8098	10.9885
contig_480	3756	5	30.3374	8.0771
contig_481	10378	59	357.9815	34.4943
contig_482	9123	14	84.9448	9.3111
contig_483	5856	4	24.2699	4.1445
contig_484	5710	10	60.6748	10.6261
contig_485	6513	53	321.5766	49.3746
contig_486	15434	32	194.1594	12.5800
contig_487	3254	13	78.8773	24.2401
contig_488	3545	6	36.4049	10.2694
contig_489	16726	26	157.7545	9.4317
contig_49	3911	9	54.6073	13.9625
contig_490	5917	9	54.6073	9.2289
contig_491	6998	13	78.8773	11.2714
contig_492	7044	17	103.1472	14.6433
contig_493	5573	9	54.6073	9.7986
contig_494	9065	38	230.5643	25.4346
contig_495	5603	12	72.8098	12.9948
contig_496	8105	8	48.5399	5.9889
contig_497	10615	24	145.6196	13.7183
contig_498	19412	39	236.6318	12.1900
contig_499	5467	22	133.4846	24.4164
contig_5	5479	15	91.0122	16.6111
contig_50	13851	25	151.6871	10.9513
contig_500	6590	23	139.5521	21.1763
contig_501	10157	33	200.2269	19.7132
contig_502	6646	44	266.9692	40.1699
contig_503	5217	7	42.4724	8.1411
contig_504	9595	14	84.9448	8.8530
contig_505	5413	17	103.1472	19.0555
contig_506	32062	257	1559.3430	48.6352
contig_507	4755	22	133.4846	28.0725
contig_508	8041	16	97.0797	12.0731
contig_509	23469	41	248.7668	10.5998
contig_51	4998	8	48.5399	9.7119
contig_510	3706	12	72.8098	19.6465
contig_511	6615	47	285.1717	43.1099
contig_512	3751	12	72.8098	19.4108
contig_513	4912	9	54.6073	11.1171
contig_514	8550	18	109.2147	12.7736
contig_515	8112	16	97.0797	11.9674
contig_516	5245	19	115.2822	21.9794
contig_517	5409	13	78.8773	14.5826
contig_518	8177	13	78.8773	9.6462
contig_519	13957	33	200.2269	14.3460
contig_52	32471	113	685.6255	21.1150
contig_520	6446	8	48.5399	7.5302
contig_521	8140	33	200.2269	24.5979
contig_522	6423	17	103.1472	16.0590
contig_523	7762	11	66.7423	8.5986
contig_524	17296	52	315.5091	18.2417
contig_525	4982	5	30.3374	6.0894
contig_526	9962	44	266.9692	26.7988
contig_527	8289	18	109.2147	13.1759
contig_528	4817	32	194.1594	40.3071
contig_529	5921	29	175.9570	29.7174
contig_53	5169	8	48.5399	9.3906
contig_530	5794	20	121.3497	20.9440
contig_531	3655	10	60.6748	16.6005
contig_532	4996	5	30.3374	6.0723
contig_533	6283	8	48.5399	7.7256
contig_534	69213	363	2202.4962	31.8220
contig_535	5255	10	60.6748	11.5461
contig_536	13393	24	145.6196	10.8728
contig_537	29107	106	643.1531	22.0962
contig_538	5355	11	66.7423	12.4635
contig_539	5167	13	78.8773	15.2656
contig_54	15903	54	327.6441	20.6027
contig_540	5201	34	206.2944	39.6644
contig_541	10982	45	273.0367	24.8622
contig_542	5826	38	230.5643	39.5751
contig_543	16880	29	175.9570	10.4240
contig_544	13061	34	206.2944	15.7947
contig_545	7078	17	103.1472	14.5729
contig_546	6207	15	91.0122	14.6628
contig_547	9354	16	97.0797	10.3784
contig_548	8500	43	260.9017	30.6943
contig_549	8461	21	127.4171	15.0593
contig_55	5673	10	60.6748	10.6954
contig_550	13381	44	266.9692	19.9514
contig_551	5526	20	121.3497	21.9598
contig_552	66750	238	1444.0608	21.6339
contig_553	5582	12	72.8098	13.0437
contig_554	4596	10	60.6748	13.2017
contig_555	5101	8	48.5399	9.5158
contig_556	5161	14	84.9448	16.4590
contig_557	3563	5	30.3374	8.5146
contig_558	5167	16	97.0797	18.7884
contig_559	3421	6	36.4049	10.6416
contig_56	12202	42	254.8343	20.8846
contig_560	4337	5	30.3374	6.9950
contig_561	8213	8	48.5399	5.9101
contig_562	4959	22	133.4846	26.9176
contig_563	7250	12	72.8098	10.0427
contig_564	5001	13	78.8773	15.7723
contig_565	10335	30	182.0245	17.6124
contig_566	3808	13	78.8773	20.7136
contig_567	11408	22	133.4846	11.7010
contig_568	3974	7	42.4724	10.6876
contig_569	7032	19	115.2822	16.3939
contig_57	5918	12	72.8098	12.3031
contig_570	5536	9	54.6073	9.8640
contig_571	5462	13	78.8773	14.4411
contig_572	3447	5	30.3374	8.8011
contig_573	4965	28	169.8895	34.2174
contig_574	7079	16	97.0797	13.7138
contig_575	12648	88	533.9385	42.2152
contig_576	4885	8	48.5399	9.9365
contig_577	10164	43	260.9017	25.6692
contig_578	4997	9	54.6073	10.9280
contig_579	11265	40	242.6993	21.5445
contig_58	5623	7	42.4724	7.5533
contig_580	5312	15	91.0122	17.1333
contig_581	7662	16	97.0797	12.6703
contig_582	5754	12	72.8098	12.6538
contig_583	7760	16	97.0797	12.5103
contig_584	5238	10	60.6748	11.5836
contig_585	19912	133	806.9752	40.5271
contig_586	9723	17	103.1472	10.6086
contig_587	5948	12	72.8098	12.2411
contig_588	7122	16	97.0797	13.6310
contig_589	15273	39	236.6318	15.4935
contig_59	16221	29	175.9570	10.8475
contig_590	41553	79	479.3311	11.5354
contig_591	9328	21	127.4171	13.6596
contig_592	5769	9	54.6073	9.4657
contig_593	3868	37	224.4969	58.0395
contig_594	45899	158	958.6622	20.8863
contig_595	7935	28	169.8895	21.4101
contig_596	7239	68	412.5888	56.9953
contig_597	3719	33	200.2269	53.8389
contig_598	11572	23	139.5521	12.0595
contig_599	5572	7	42.4724	7.6225
contig_6	10765	47	285.1717	26.4906
contig_60	14429	57	345.8465	23.9688
contig_600	13797	20	121.3497	8.7954
contig_601	7780	13	78.8773	10.1385
contig_602	3918	9	54.6073	13.9376
contig_603	9779	20	121.3497	12.4092
contig_604	8397	12	72.8098	8.6709
contig_605	6419	24	145.6196	22.6857
contig_606	11522	22	133.4846	11.5852
contig_607	44893	251	1522.9381	33.9237
contig_608	3684	11	66.7423	18.1168
contig_609	11101	20	121.3497	10.9314
contig_61	4901	26	157.7545	32.1882
contig_610	3270	9	54.6073	16.6995
contig_611	8420	50	303.3741	36.0302
contig_612	8830	25	151.6871	17.1786
contig_613	4970	10	60.6748	12.2082
contig_614	9198	12	72.8098	7.9158
contig_615	3930	5	30.3374	7.7194
contig_616	8329	39	236.6318	28.4106
contig_617	3340	3	18.2024	5.4498
contig_618	4284	30	182.0245	42.4894
contig_619	5071	37	224.4969	44.2707
contig_62	10078	21	127.4171	12.6431
contig_620	7464	18	109.2147	14.6322
contig_621	12386	32	194.1594	15.6757
contig_622	6947	12	72.8098	10.4808
contig_623	7870	12	72.8098	9.2516
contig_624	11561	17	103.1472	8.9220
contig_625	5184	13	78.8773	15.2155
contig_626	14777	16	97.0797	6.5697
contig_627	4740	9	54.6073	11.5205
contig_628	5228	10	60.6748	11.6057
contig_629	4955	7	42.4724	8.5716
contig_63	17505	26	157.7545	9.0120
contig_630	15206	218	1322.7112	86.9861
contig_631	8289	9	54.6073	6.5879
contig_632	9414	19	115.2822	12.2458
contig_633	16025	63	382.2514	23.8534
contig_634	10199	75	455.0612	44.6182
contig_635	7515	13	78.8773	10.4960
contig_636	4724	4	24.2699	5.1376
contig_637	4043	11	66.7423	16.5081
contig_638	3627	3	18.2024	5.0186
contig_639	3632	8	48.5399	13.3645
contig_64	18446	31	188.0920	10.1969
contig_640	9439	18	109.2147	11.5706
contig_641	7140	19	115.2822	16.1460
contig_642	3865	5	30.3374	7.8493
contig_643	5584	35	212.3619	38.0304
contig_644	13592	30	182.0245	13.3920
contig_645	11276	23	139.5521	12.3760
contig_646	4995	9	54.6073	10.9324
contig_647	8443	16	97.0797	11.4982
contig_648	3391	7	42.4724	12.5250
contig_649	5757	10	60.6748	10.5393
contig_65	18628	36	218.4294	11.7259
contig_650	7350	23	139.5521	18.9867
contig_651	3258	6	36.4049	11.1740
contig_652	8835	13	78.8773	8.9278
contig_653	14317	40	242.6993	16.9518
contig_654	3399	5	30.3374	8.9254
contig_655	4538	9	54.6073	12.0334
contig_656	4296	8	48.5399	11.2989
contig_657	6241	39	236.6318	37.9157
contig_658	9324	32	194.1594	20.8236
contig_659	5499	11	66.7423	12.1372
contig_66	5502	15	91.0122	16.5417
contig_660	4658	7	42.4724	9.1182
contig_661	6405	15	91.0122	14.2096
contig_662	3468	5	30.3374	8.7478
contig_663	5283	8	48.5399	9.1879
contig_664	4826	10	60.6748	12.5725
contig_665	5171	17	103.1472	19.9472
contig_666	4655	12	72.8098	15.6412
contig_667	9401	27	163.8220	17.4260
contig_668	40480	133	806.9752	19.9352
contig_669	7738	28	169.8895	21.9552
contig_67	8370	57	345.8465	41.3198
contig_670	10602	21	127.4171	12.0182
contig_671	30829	78	473.2636	15.3512
contig_672	5415	7	42.4724	7.8435
contig_673	5385	23	139.5521	25.9150
contig_674	7769	40	242.6993	31.2395
contig_675	9873	31	188.0920	19.0511
contig_676	3303	3	18.2024	5.5109
contig_677	4160	7	42.4724	10.2097
contig_678	5902	8	48.5399	8.2243
contig_679	16169	113	685.6255	42.4037
contig_68	17071	91	552.1409	32.3438
contig_680	67559	371	2251.0360	33.3196
contig_681	3844	44	266.9692	69.4509
contig_682	4900	20	121.3497	24.7652
contig_683	13444	22	133.4846	9.9289
contig_684	3322	5	30.3374	9.1323
contig_685	5654	11	66.7423	11.8044
contig_686	19684	31	188.0920	9.5556
contig_687	7257	19	115.2822	15.8857
contig_688	7731	13	78.8773	10.2027
contig_689	9921	2268	13761.0504	1387.0628
contig_69	6190	43	260.9017	42.1489
contig_690	3684	4	24.2699	6.5879
contig_691	5415	12	72.8098	13.4459
contig_692	14388	27	163.8220	11.3860
contig_693	5624	67	406.5213	72.2833
contig_694	13624	30	182.0245	13.3606
contig_695	5350	12	72.8098	13.6093
contig_696	14652	21	127.4171	8.6962
contig_697	3623	3	18.2024	5.0241
contig_698	9172	16	97.0797	10.5844
contig_699	10709	16	97.0797	9.0652
contig_7	8902	11	66.7423	7.4975
contig_70	4789	10	60.6748	12.6696
contig_700	7936	10	60.6748	7.6455
contig_701	33124	123	746.3004	22.5305
contig_702	15050	34	206.2944	13.7073
contig_703	5146	7	42.4724	8.2535
contig_704	10041	22	133.4846	13.2940
contig_705	19435	32	194.1594	9.9902
contig_706	8299	17	103.1472	12.4289
contig_707	7876	19	115.2822	14.6371
contig_708	9270	12	72.8098	7.8543
contig_709	5377	4	24.2699	4.5137
contig_71	6299	14	84.9448	13.4854
contig_710	8692	18	109.2147	12.5650
contig_711	7609	261	1583.6129	208.1237
contig_712	5270	9	54.6073	10.3619
contig_713	23094	56	339.7790	14.7129
contig_714	9276	12	72.8098	7.8493
contig_715	10502	25	151.6871	14.4436
contig_716	5386	34	206.2944	38.3020
contig_717	5819	15	91.0122	15.6405
contig_718	12806	19	115.2822	9.0022
contig_719	8389	12	72.8098	8.6792
contig_72	33973	139	843.3801	24.8250
contig_720	5842	23	139.5521	23.8877
contig_721	5462	8	48.5399	8.8868
contig_722	4908	9	54.6073	11.1262
contig_723	3368	4	24.2699	7.2060
contig_724	5541	12	72.8098	13.1402
contig_725	6522	18	109.2147	16.7456
contig_726	10583	25	151.6871	14.3331
contig_727	8856	23	139.5521	15.7579
contig_728	3693	11	66.7423	18.0727
contig_729	77975	364	2208.5636	28.3240
contig_73	24832	80	485.3986	19.5473
contig_730	22889	41	248.7668	10.8684
contig_731	9781	26	157.7545	16.1287
contig_732	5215	20	121.3497	23.2693
contig_733	3078	132	800.9077	260.2039
contig_734	6168	15	91.0122	14.7556
contig_735	7271	15	91.0122	12.5172
contig_736	7910	17	103.1472	13.0401
contig_737	3389	16	97.0797	28.6455
contig_738	8880	16	97.0797	10.9324
contig_739	7220	12	72.8098	10.0845
contig_74	7566	14	84.9448	11.2272
contig_740	6228	31	188.0920	30.2010
contig_741	5043	6	36.4049	7.2189
contig_742	3901	17	103.1472	26.4412
contig_743	8983	22	133.4846	14.8597
contig_744	3716	3	18.2024	4.8984
contig_745	7569	37	224.4969	29.6600
contig_746	7516	51	309.4416	41.1710
contig_747	4329	4	24.2699	5.6064
contig_748	8819	15	91.0122	10.3200
contig_749	3691	4	24.2699	6.5754
contig_75	19372	68	412.5888	21.2982
contig_750	5507	8	48.5399	8.8142
contig_751	3618	9	54.6073	15.0932
contig_752	3964	7	42.4724	10.7145
contig_753	6792	19	115.2822	16.9732
contig_754	5220	8	48.5399	9.2988
contig_755	3557	12	72.8098	20.4694
contig_756	25543	64	388.3189	15.2026
contig_757	3708	3	18.2024	4.9090
contig_758	15882	31	188.0920	11.8431
contig_759	7184	11	66.7423	9.2904
contig_76	13982	72	436.8587	31.2444
contig_760	4049	8	48.5399	11.9881
contig_761	5639	15	91.0122	16.1398
contig_762	17203	128	776.6378	45.1455
contig_763	5631	17	103.1472	18.3177
contig_764	12058	34	206.2944	17.1085
contig_765	5323	38	230.5643	43.3147
contig_766	5536	5	30.3374	5.4800
contig_767	8534	16	97.0797	11.3756
contig_768	8327	20	121.3497	14.5730
contig_769	3810	7	42.4724	11.1476
contig_77	16770	76	461.1287	27.4972
contig_770	11023	37	224.4969	20.3662
contig_771	4903	13	78.8773	16.0876
contig_772	5444	5	30.3374	5.5726
contig_773	7269	36	218.4294	30.0494
contig_774	5381	42	254.8343	47.3582
contig_775	5505	7	42.4724	7.7152
contig_776	7533	17	103.1472	13.6927
contig_777	3814	4	24.2699	6.3634
contig_778	5694	7	42.4724	7.4591
contig_779	5725	8	48.5399	8.4786
contig_78	6869	10	60.6748	8.8331
contig_780	14715	27	163.8220	11.1330
contig_781	24433	52	315.5091	12.9132
contig_782	3441	6	36.4049	10.5797
contig_783	7568	19	115.2822	15.2328
contig_784	5313	10	60.6748	11.4201
contig_785	7546	19	115.2822	15.2773
contig_786	9807	53	321.5766	32.7905
contig_787	8882	15	91.0122	10.2468
contig_788	5986	8	48.5399	8.1089
contig_789	5404	12	72.8098	13.4733
contig_79	7095	16	97.0797	13.6828
contig_790	8649	28	169.8895	19.6427
contig_791	8263	27	163.8220	19.8260
contig_792	4101	8	48.5399	11.8361
contig_793	20998	56	339.7790	16.1815
contig_794	8654	20	121.3497	14.0224
contig_795	11055	142	861.5825	77.9360
contig_796	4894	10	60.6748	12.3978
contig_797	8858	14	84.9448	9.5896
contig_798	13155	27	163.8220	12.4532
contig_799	4992	13	78.8773	15.8007
contig_8	24364	53	321.5766	13.1988
contig_80	9126	32	194.1594	21.2754
contig_800	7600	14	84.9448	11.1769
contig_801	3840	12	72.8098	18.9609
contig_802	5814	65	394.3864	67.8339
contig_803	5382	14	84.9448	15.7831
contig_804	3681	18	109.2147	29.6698
contig_805	6152	64	388.3189	63.1208
contig_806	6560	14	84.9448	12.9489
contig_807	5264	4	24.2699	4.6105
contig_808	5178	9	54.6073	10.5460
contig_809	3811	3	18.2024	4.7763
contig_81	5064	11	66.7423	13.1798
contig_810	4287	18	109.2147	25.4758
contig_811	4692	7	42.4724	9.0521
contig_812	18094	40	242.6993	13.4132
contig_813	3201	10	60.6748	18.9550
contig_814	3971	3	18.2024	4.5838
contig_815	5526	23	139.5521	25.2537
contig_816	8943	16	97.0797	10.8554
contig_817	77359	512	3106.5511	40.1576
contig_818	7724	20	121.3497	15.7107
contig_819	3471	9	54.6073	15.7325
contig_82	8878	28	169.8895	19.1360
contig_820	8965	15	91.0122	10.1520
contig_821	4941	7	42.4724	8.5959
contig_822	6592	6	36.4049	5.5226
contig_823	6096	18	109.2147	17.9158
contig_824	5828	30	182.0245	31.2328
contig_825	11144	36	218.4294	19.6006
contig_826	4823	5	30.3374	6.2902
contig_827	5348	11	66.7423	12.4799
contig_828	5386	17	103.1472	19.1510
contig_829	12652	19	115.2822	9.1118
contig_83	14968	45	273.0367	18.2414
contig_830	5902	35	212.3619	35.9813
contig_831	11241	35	212.3619	18.8917
contig_832	5922	17	103.1472	17.4176
contig_833	33522	230	1395.5210	41.6300
contig_834	21350	98	594.6133	27.8507
contig_835	3392	29	175.9570	51.8741
contig_836	5181	22	133.4846	25.7643
contig_837	5770	27	163.8220	28.3920
contig_838	9337	16	97.0797	10.3973
contig_839	6138	6	36.4049	5.9311
contig_84	3416	20	121.3497	35.5239
contig_840	3452	3	18.2024	5.2730
contig_841	8537	17	103.1472	12.0824
contig_842	5188	21	127.4171	24.5600
contig_843	6448	21	127.4171	19.7607
contig_844	4073	28	169.8895	41.7111
contig_845	5599	18	109.2147	19.5061
contig_846	5231	9	54.6073	10.4392
contig_847	9653	13	78.8773	8.1713
contig_848	3518	4	24.2699	6.8988
contig_849	5472	10	60.6748	11.0882
contig_85	6109	9	54.6073	8.9388
contig_850	3483	10	60.6748	17.4203
contig_851	11182	15	91.0122	8.1392
contig_852	3163	5	30.3374	9.5913
contig_853	3610	9	54.6073	15.1267
contig_854	6539	6	36.4049	5.5673
contig_855	3828	5	30.3374	7.9251
contig_856	23522	82	497.5336	21.1518
contig_857	7385	95	576.4108	78.0516
contig_858	9265	102	618.8832	66.7980
contig_859	10590	40	242.6993	22.9178
contig_86	17913	59	357.9815	19.9845
contig_860	16195	35	212.3619	13.1128
contig_861	3171	10	60.6748	19.1343
contig_862	3767	7	42.4724	11.2749
contig_863	5902	8	48.5399	8.2243
contig_864	3731	18	109.2147	29.2722
contig_865	4004	3	18.2024	4.5461
contig_866	5364	6	36.4049	6.7869
contig_867	5161	7	42.4724	8.2295
contig_868	8291	24	145.6196	17.5636
contig_869	5555	12	72.8098	13.1071
contig_87	8772	38	230.5643	26.2841
contig_870	8428	9	54.6073	6.4793
contig_871	8448	60	364.0490	43.0929
contig_872	4803	11	66.7423	13.8960
contig_873	8978	32	194.1594	21.6261
contig_874	7489	15	91.0122	12.1528
contig_875	6981	12	72.8098	10.4297
contig_876	6517	10	60.6748	9.3102
contig_877	25904	57	345.8465	13.3511
contig_878	34625	57	345.8465	9.9883
contig_879	5175	13	78.8773	15.2420
contig_88	6643	9	54.6073	8.2203
contig_880	7309	31	188.0920	25.7343
contig_881	12634	33	200.2269	15.8483
contig_882	6998	23	139.5521	19.9417
contig_883	31198	71	430.7913	13.8083
contig_884	9702	21	127.4171	13.1331
contig_885	22513	70	424.7238	18.8657
contig_886	9178	22	133.4846	14.5440
contig_887	6493	9	54.6073	8.4102
contig_888	8473	7	42.4724	5.0127
contig_889	4964	10	60.6748	12.2230
contig_89	8482	34	206.2944	24.3214
contig_890	5331	23	139.5521	26.1775
contig_891	7983	23	139.5521	17.4812
contig_892	8116	16	97.0797	11.9615
contig_893	20853	40	242.6993	11.6386
contig_894	5760	17	103.1472	17.9075
contig_895	7956	11	66.7423	8.3889
contig_896	5125	7	42.4724	8.2873
contig_897	5214	32	194.1594	37.2381
contig_898	13389	85	515.7360	38.5194
contig_899	5500	5	30.3374	5.5159
contig_9	6333	26	157.7545	24.9099
contig_90	65821	467	2833.5143	43.0488
contig_900	8851	15	91.0122	10.2827
contig_901	16682	66	400.4538	24.0051
contig_902	5333	14	84.9448	15.9281
contig_903	24509	91	552.1409	22.5281
contig_904	22245	43	260.9017	11.7286
contig_905	3834	18	109.2147	28.4858
contig_906	7717	18	109.2147	14.1525
contig_907	20967	107	649.2206	30.9639
contig_908	17108	55	333.7115	19.5062
contig_909	7267	15	91.0122	12.5240
contig_91	25748	47	285.1717	11.0755
contig_910	13447	603	3658.6920	272.0824
contig_911	29729	127	770.5703	25.9198
contig_912	6053	7	42.4724	7.0167
contig_913	5017	10	60.6748	12.0938
contig_914	9875	31	188.0920	19.0473
contig_915	86310	521	3161.1584	36.6256
contig_916	7307	16	97.0797	13.2859
contig_917	5186	8	48.5399	9.3598
contig_918	3266	5	30.3374	9.2889
contig_919	10234	63	382.2514	37.3511
contig_92	22337	58	351.9140	15.7548
contig_920	5126	10	60.6748	11.8367
contig_921	8002	25	151.6871	18.9561
contig_922	5569	6	36.4049	6.5371
contig_923	3462	5	30.3374	8.7630
contig_924	5941	14	84.9448	14.2981
contig_925	3783	10	60.6748	16.0388
contig_926	18092	32	194.1594	10.7318
contig_927	4653	15	91.0122	19.5599
contig_928	5526	32	194.1594	35.1356
contig_929	5637	6	36.4049	6.4582
contig_93	7662	20	121.3497	15.8379
contig_930	5077	6	36.4049	7.1706
contig_931	7184	10	60.6748	8.4458
contig_932	3300	7	42.4724	12.8704
contig_933	23748	39	236.6318	9.9643
contig_934	9120	29	175.9570	19.2935
contig_935	3566	4	24.2699	6.8059
contig_936	6331	12	72.8098	11.5005
contig_937	4916	23	139.5521	28.3873
contig_938	3702	8	48.5399	13.1118
contig_939	3468	17	103.1472	29.7426
contig_94	7916	18	109.2147	13.7967
contig_940	35955	231	1401.5885	38.9817
contig_941	5418	14	84.9448	15.6782
contig_942	15327	88	533.9385	34.8365
contig_943	5268	14	84.9448	16.1247
contig_944	6120	10	60.6748	9.9142
contig_945	4085	27	163.8220	40.1033
contig_946	37003	160	970.7972	26.2356
contig_947	5963	11	66.7423	11.1927
contig_948	7341	24	145.6196	19.8365
contig_949	5705	9	54.6073	9.5718
contig_95	14373	39	236.6318	16.4636
contig_950	16212	68	412.5888	25.4496
contig_951	7177	27	163.8220	22.8260
contig_952	15345	32	194.1594	12.6529
contig_953	6219	19	115.2822	18.5371
contig_954	10752	30	182.0245	16.9294
contig_955	7580	17	103.1472	13.6078
contig_956	3734	8	48.5399	12.9994
contig_957	5419	7	42.4724	7.8377
contig_958	14612	215	1304.5087	89.2765
contig_959	4248	10	60.6748	14.2832
contig_96	11597	28	169.8895	14.6494
contig_960	5898	20	121.3497	20.5747
contig_961	66651	292	1771.7049	26.5818
contig_962	8423	16	97.0797	11.5256
contig_963	5151	12	72.8098	14.1351
contig_964	8065	15	91.0122	11.2848
contig_965	13456	24	145.6196	10.8219
contig_966	7159	12	72.8098	10.1704
contig_967	3603	8	48.5399	13.4721
contig_968	6648	20	121.3497	18.2536
contig_969	9649	27	163.8220	16.9781
contig_97	8722	15	91.0122	10.4348
contig_970	5882	8	48.5399	8.2523
contig_971	9204	19	115.2822	12.5252
contig_972	10745	22	133.4846	12.4230
contig_973	11009	18	109.2147	9.9205
contig_974	6048	7	42.4724	7.0225
contig_975	9920	17	103.1472	10.3979
contig_976	7219	24	145.6196	20.1717
contig_977	21917	44	266.9692	12.1809
contig_978	5034	9	54.6073	10.8477
contig_979	9867	17	103.1472	10.4538
contig_98	11705	42	254.8343	21.7714
contig_980	5831	7	42.4724	7.2839
contig_981	5007	11	66.7423	13.3298
contig_982	6084	31	188.0920	30.9158
contig_983	5492	14	84.9448	15.4670
contig_984	4519	14	84.9448	18.7972
contig_985	3833	9	54.6073	14.2466
contig_986	6117	42	254.8343	41.6600
contig_987	5367	19	115.2822	21.4798
contig_988	15356	100	606.7483	39.5121
contig_989	8968	22	133.4846	14.8845
contig_99	6166	17	103.1472	16.7284
contig_990	3696	39	236.6318	64.0238
contig_991	11132	18	109.2147	9.8109
contig_992	5996	13	78.8773	13.1550
contig_993	7102	12	72.8098	10.2520
contig_994	7184	11	66.7423	9.2904
contig_995	32431	76	461.1287	14.2188
contig_996	6084	22	133.4846	21.9403
contig_997	7540	25	151.6871	20.1176
contig_998	6403	13	78.8773	12.3188
contig_999	3585	32	194.1594	54.1588
